_H:	$Name	%Input[2:0,0]<2:11,1>	%Input[2:1,0]	%Input[2:2,0]	%Input[2:3,0]	%Input[2:4,0]	%Input[2:5,0]	%Input[2:6,0]	%Input[2:7,0]	%Input[2:8,0]	%Input[2:9,0]	%Input[2:10,0]
_D:	2018-02-16 00:00:00	0.5	1.0	0.8618220191479562	0.845086694121486	0.1288604898828541	0.7497337593184239	0.6749999999999987	0.4360655737704917	15.276316110711347	0.0	0.16	
_D:	2018-02-16 00:30:00	0.5666434776868894	0.9955387440773901	0.8618220191479562	0.845086694121486	0.14270500532481364	0.5591054313099042	0.6749999999999987	0.4360655737704917	15.276316110711347	0.0	0.16	
_D:	2018-02-16 01:00:00	0.632097700935643	0.9822345875271883	0.8618220191479562	0.845086694121486	0.13631522896698617	0.49733759318423854	0.6638888888888883	0.4163934426229509	15.286842426500817	0.0	0.16666666666666666	
_D:	2018-02-16 01:30:00	0.6951946375817474	0.9603249433382144	0.8618220191479562	0.845086694121486	0.12779552715654952	0.5835995740149095	0.6638888888888883	0.4163934426229509	15.286842426500817	0.0	0.16666666666666666	
_D:	2018-02-16 02:00:00	0.7548083212959587	0.9302007896300697	0.8618220191479562	0.845086694121486	0.11927582534611289	0.5378061767838126	0.6583333333333345	0.38688524590163936	15.292105584395562	0.0	0.20666666666666667	
_D:	2018-02-16 02:30:00	0.8098749444801224	0.8923996926393305	0.8618220191479562	0.845086694121486	0.09158679446219382	0.650692225772098	0.6583333333333345	0.38688524590163936	15.292105584395562	0.0	0.20666666666666667	
_D:	2018-02-16 03:00:00	0.8594118419389647	0.8475962138373212	0.8618220191479562	0.845086694121486	0.09584664536741214	0.597444089456869	0.6583333333333345	0.39344262295081966	15.276316110711347	0.0	0.24000000000000002	
_D:	2018-02-16 03:30:00	0.9025350265637815	0.7965898723646776	0.8618220191479562	0.845086694121486	0.14376996805111822	0.48668796592119273	0.6583333333333345	0.39344262295081966	15.276316110711347	0.0	0.24000000000000002	
_D:	2018-02-16 04:00:00	0.9384749641033358	0.7402908775933419	0.8618220191479562	0.845086694121486	0.13525026624068157	0.531416400425985	0.6472222222222209	0.48360655737704916	15.260526637027134	0.008	0.22666666666666666	
_D:	2018-02-16 04:30:00	0.9665903055208013	0.6797038864187566	0.8618220191479562	0.845086694121486	0.12673056443024494	0.3397231096911608	0.6472222222222209	0.48360655737704916	15.260526637027134	0.008	0.22666666666666666	
_D:	2018-02-16 05:00:00	0.9863793318825186	0.6159100751337642	0.8618220191479562	0.845086694121486	0.13099041533546327	0.17784877529286475	0.6305555555555569	0.5573770491803278	15.239474005448193	0.023	0.22	
_D:	2018-02-16 05:30:00	0.997488907544252	0.5500478458120492	0.8618220191479562	0.845086694121486	0.0724174653887114	0.29073482428115016	0.6305555555555569	0.5573770491803278	15.239474005448193	0.023	0.22	
_D:	2018-02-16 06:00:00	0.9997207818651273	0.48329251149616276	0.8618220191479562	0.845086694121486	0.01810436634717785	0.15654952076677317	0.6333333333333321	0.6852459016393442	15.18157926860608	0.0	0.2533333333333333	
_D:	2018-02-16 06:30:00	0.9930351269950143	0.4168353227084351	0.8618220191479562	0.845086694121486	0.0010649627263045794	0.07454739084132056	0.6333333333333321	0.6852459016393442	15.18157926860608	0.0	0.2533333333333333	
_D:	2018-02-16 07:00:00	0.9775512486034562	0.35186220955718295	0.8618220191479562	0.845086694121486	0.0	0.010649627263045794	0.6388888888888888	0.7950819672131147	15.134210847553456	0.0	0.20666666666666667	
_D:	2018-02-16 07:30:00	0.9535454568671704	0.2895326187858326	0.8618220191479562	0.845086694121486	0.0	0.0	0.6388888888888888	0.7950819672131147	15.134210847553456	0.0	0.20666666666666667	
_D:	2018-02-16 08:00:00	0.9214461357083985	0.2309588234183137	0.8618220191479562	0.845086694121486	0.0	0.0	0.6555555555555562	0.8737704918032786	15.107895058079771	0.0	0.19333333333333333	
_D:	2018-02-16 08:30:00	0.8818260982736661	0.1771860742205988	0.8618220191479562	0.845086694121486	0.0	0.0	0.6555555555555562	0.8737704918032786	15.107895058079771	0.0	0.19333333333333333	
_D:	2018-02-16 09:00:00	0.8353923650696119	0.12917394717602138	0.8618220191479562	0.845086694121486	0.0	0.0	0.6694444444444451	0.8852459016393442	15.102631900185028	0.0	0.18000000000000002	
_D:	2018-02-16 09:30:00	0.7829735471652975	0.08777921982911979	0.8618220191479562	0.845086694121486	0.0	0.0	0.6694444444444451	0.8852459016393442	15.102631900185028	0.0	0.18000000000000002	
_D:	2018-02-16 10:00:00	0.725505059608051	0.05374058207005944	0.8618220191479562	0.845086694121486	0.0	0.0	0.6749999999999987	0.8983606557377048	15.092105584395558	0.0	0.17333333333333334	
_D:	2018-02-16 10:30:00	0.6640124289197844	0.02766545419604055	0.8618220191479562	0.845086694121486	0.0	0.0	0.6749999999999987	0.8983606557377048	15.092105584395558	0.0	0.17333333333333334	
_D:	2018-02-16 11:00:00	0.5995929925519181	0.010019147481706625	0.8618220191479562	0.845086694121486	0.0	0.0	0.6722222222222235	0.9147540983606557	15.076316110711344	0.0	0.14666666666666667	
_D:	2018-02-16 11:30:00	0.5333963168725606	0.001116560688423418	0.8618220191479562	0.845086694121486	0.0	0.0	0.6722222222222235	0.9147540983606557	15.076316110711344	0.0	0.14666666666666667	
_D:	2018-02-16 12:00:00	0.4666036831274393	0.001116560688423418	0.8618220191479562	0.845086694121486	0.0	0.0	0.6666666666666666	0.9065573770491803	15.081579268606088	0.18	0.17333333333333334	
_D:	2018-02-16 12:30:00	0.400407007448082	0.01001914748170657	0.8618220191479562	0.845086694121486	0.0	0.0	0.6666666666666666	0.9065573770491803	15.081579268606088	0.18	0.17333333333333334	
_D:	2018-02-16 13:00:00	0.33598757108021565	0.02766545419604055	0.8618220191479562	0.845086694121486	0.0	0.0	0.6611111111111099	0.8901639344262294	15.092105584395558	0.36700000000000005	0.20666666666666667	
_D:	2018-02-16 13:30:00	0.2744949403919492	0.05374058207005927	0.8618220191479562	0.845086694121486	0.0	0.0	0.6611111111111099	0.8901639344262294	15.092105584395558	0.36700000000000005	0.20666666666666667	
_D:	2018-02-16 14:00:00	0.2170264528347024	0.08777921982911985	0.8618220191479562	0.845086694121486	0.0	0.0	0.6527777777777778	0.9081967213114756	15.092105584395558	0.297	0.2	
_D:	2018-02-16 14:30:00	0.16460763493038838	0.12917394717602115	0.8618220191479562	0.845086694121486	0.0	0.0	0.6527777777777778	0.9081967213114756	15.092105584395558	0.297	0.2	
_D:	2018-02-16 15:00:00	0.11817390172633407	0.17718607422059873	0.8618220191479562	0.845086694121486	0.0	0.0	0.6416666666666673	0.9245901639344263	15.076316110711344	0.45299999999999996	0.16	
_D:	2018-02-16 15:30:00	0.0785538642916015	0.23095882341831359	0.8618220191479562	0.845086694121486	0.0	0.0	0.6416666666666673	0.9245901639344263	15.076316110711344	0.45299999999999996	0.16	
_D:	2018-02-16 16:00:00	0.04645454313282965	0.2895326187858325	0.8618220191479562	0.845086694121486	0.0	0.0	0.6361111111111105	0.9262295081967213	15.071052952816611	0.508	0.16666666666666666	
_D:	2018-02-16 16:30:00	0.022448751396543787	0.35186220955718295	0.8618220191479562	0.845086694121486	0.0	0.0	0.6361111111111105	0.9262295081967213	15.071052952816611	0.508	0.16666666666666666	
_D:	2018-02-16 17:00:00	0.006964873004985717	0.416835322708435	0.8618220191479562	0.845086694121486	0.0	0.0	0.6333333333333321	0.9147540983606557	15.076316110711344	0.47700000000000004	0.16666666666666666	
_D:	2018-02-16 17:30:00	0.0002792181348726941	0.4832925114961627	0.8618220191479562	0.845086694121486	0.0	0.0010649627263045794	0.6333333333333321	0.9147540983606557	15.076316110711344	0.47700000000000004	0.16666666666666666	
_D:	2018-02-16 18:00:00	0.002511092455747932	0.5500478458120488	0.8618220191479562	0.845086694121486	0.019169329073482427	0.024494142705005325	0.6388888888888888	0.8967213114754099	15.08684242650082	0.57	0.16666666666666666	
_D:	2018-02-16 18:30:00	0.013620668117481416	0.6159100751337642	0.8618220191479562	0.845086694121486	0.03407880724174654	0.06815761448349308	0.6388888888888888	0.8967213114754099	15.08684242650082	0.57	0.16666666666666666	
_D:	2018-02-16 19:00:00	0.033409694479198726	0.6797038864187566	0.8618220191479562	0.845086694121486	0.05005324813631523	0.11714589989350373	0.6527777777777778	0.8262295081967214	15.134210847553456	0.836	0.26	
_D:	2018-02-16 19:30:00	0.061525035896664304	0.740290877593342	0.8618220191479562	0.845086694121486	0.0617678381256656	0.11288604898828541	0.6527777777777778	0.8262295081967214	15.134210847553456	0.836	0.26	
_D:	2018-02-16 20:00:00	0.09746497343621835	0.7965898723646774	0.8618220191479562	0.845086694121486	0.0724174653887114	0.11395101171458999	0.6638888888888883	0.7557377049180327	15.171052952816611	0.977	0.28	
_D:	2018-02-16 20:30:00	0.14058815806103514	0.847596213837321	0.8618220191479562	0.845086694121486	0.08732694355697551	0.134185303514377	0.6638888888888883	0.7557377049180327	15.171052952816611	0.977	0.28	
_D:	2018-02-16 21:00:00	0.19012505551987768	0.8923996926393306	0.8618220191479562	0.845086694121486	0.09904153354632587	0.31629392971246006	0.6722222222222235	0.7049180327868853	15.202631900185033	0.9690000000000001	0.29333333333333333	
_D:	2018-02-16 21:30:00	0.24519167870404107	0.9302007896300696	0.8618220191479562	0.845086694121486	0.038338658146964855	0.1703940362087327	0.6722222222222235	0.7049180327868853	15.202631900185033	0.9690000000000001	0.29333333333333333	
_D:	2018-02-16 22:00:00	0.3048053624182524	0.9603249433382144	0.8618220191479562	0.845086694121486	0.043663471778487756	0.23322683706070288	0.6722222222222235	0.6672131147540984	15.223684531763979	1.0	0.29333333333333333	
_D:	2018-02-16 22:30:00	0.36790229906435723	0.9822345875271883	0.8618220191479562	0.845086694121486	0.10010649627263046	0.15122470713525027	0.6722222222222235	0.6672131147540984	15.223684531763979	1.0	0.29333333333333333	
_D:	2018-02-16 23:00:00	0.4333565223131109	0.9955387440773901	0.8618220191479562	0.845086694121486	0.1703940362087327	0.17358892438764642	0.6694444444444451	0.6540983606557378	15.250000321237664	1.0	0.29333333333333333	
_D:	2018-02-16 23:30:00	0.4999999999999999	1.0	0.8618220191479562	0.845086694121486	0.14164004259850904	0.25559105431309903	0.6694444444444451	0.6540983606557378	15.250000321237664	1.0	0.29333333333333333	
_D:	2018-02-17 00:00:00	0.5	1.0	0.8677085114819927	0.8388073945233445	0.08093716719914804	0.5473908413205538	0.6638888888888883	0.6770491803278688	15.250000321237664	0.992	0.3333333333333333	
_D:	2018-02-17 00:30:00	0.5666434776868894	0.9955387440773901	0.8677085114819927	0.8388073945233445	0.0777422790202343	0.744408945686901	0.6638888888888883	0.6770491803278688	15.250000321237664	0.992	0.3333333333333333	
_D:	2018-02-17 01:00:00	0.632097700935643	0.9822345875271883	0.8677085114819927	0.8388073945233445	0.09691160809371673	0.8061767838125665	0.6583333333333345	0.6983606557377048	15.250000321237664	1.0	0.35333333333333333	
_D:	2018-02-17 01:30:00	0.6951946375817474	0.9603249433382144	0.8677085114819927	0.8388073945233445	0.06602768903088392	0.7987220447284346	0.6583333333333345	0.6983606557377048	15.250000321237664	1.0	0.35333333333333333	
_D:	2018-02-17 02:00:00	0.7548083212959587	0.9302007896300697	0.8677085114819927	0.8388073945233445	0.16613418530351437	0.8477103301384451	0.6555555555555562	0.7081967213114755	15.250000321237664	1.0	0.32	
_D:	2018-02-17 02:30:00	0.8098749444801224	0.8923996926393305	0.8677085114819927	0.8388073945233445	0.10649627263045794	0.3972310969116081	0.6555555555555562	0.7081967213114755	15.250000321237664	1.0	0.32	
_D:	2018-02-17 03:00:00	0.8594118419389647	0.8475962138373212	0.8677085114819927	0.8388073945233445	0.11395101171458999	0.10649627263045794	0.6499999999999994	0.7065573770491802	15.234210847553449	1.0	0.3	
_D:	2018-02-17 03:30:00	0.9025350265637815	0.7965898723646776	0.8677085114819927	0.8388073945233445	0.07135250266240682	0.011714589989350373	0.6499999999999994	0.7065573770491802	15.234210847553449	1.0	0.3	
_D:	2018-02-17 04:00:00	0.9384749641033358	0.7402908775933419	0.8677085114819927	0.8388073945233445	0.046858359957401494	0.03727369542066028	0.6416666666666673	0.7262295081967213	15.21315821597451	1.0	0.26666666666666666	
_D:	2018-02-17 04:30:00	0.9665903055208013	0.6797038864187566	0.8677085114819927	0.8388073945233445	0.0308839190628328	0.05005324813631523	0.6416666666666673	0.7262295081967213	15.21315821597451	1.0	0.26666666666666666	
_D:	2018-02-17 05:00:00	0.9863793318825186	0.6159100751337642	0.8677085114819927	0.8388073945233445	0.026624068157614485	0.029818956336528223	0.6416666666666673	0.7475409836065573	15.197368742290294	1.0	0.2733333333333333	
_D:	2018-02-17 05:30:00	0.997488907544252	0.5500478458120492	0.8677085114819927	0.8388073945233445	0.024494142705005325	0.014909478168264111	0.6416666666666673	0.7475409836065573	15.197368742290294	1.0	0.2733333333333333	
_D:	2018-02-17 06:00:00	0.9997207818651273	0.48329251149616276	0.8677085114819927	0.8388073945233445	0.005324813631522897	0.023429179978700747	0.6472222222222209	0.759016393442623	15.17631611071135	1.0	0.3	
_D:	2018-02-17 06:30:00	0.9930351269950143	0.4168353227084351	0.8677085114819927	0.8388073945233445	0.004259850905218318	0.008519701810436636	0.6472222222222209	0.759016393442623	15.17631611071135	1.0	0.3	
_D:	2018-02-17 07:00:00	0.9775512486034562	0.35186220955718295	0.8677085114819927	0.8388073945233445	0.0	0.0010649627263045794	0.6638888888888883	0.8114754098360656	15.150000321237664	1.0	0.2733333333333333	
_D:	2018-02-17 07:30:00	0.9535454568671704	0.2895326187858326	0.8677085114819927	0.8388073945233445	0.0	0.0	0.6638888888888883	0.8114754098360656	15.150000321237664	1.0	0.2733333333333333	
_D:	2018-02-17 08:00:00	0.9214461357083985	0.2309588234183137	0.8677085114819927	0.8388073945233445	0.0	0.0	0.6777777777777771	0.859016393442623	15.144737163342926	1.0	0.23333333333333334	
_D:	2018-02-17 08:30:00	0.8818260982736661	0.1771860742205988	0.8677085114819927	0.8388073945233445	0.0	0.0	0.6777777777777771	0.859016393442623	15.144737163342926	1.0	0.23333333333333334	
_D:	2018-02-17 09:00:00	0.8353923650696119	0.12917394717602138	0.8677085114819927	0.8388073945233445	0.0	0.0	0.6944444444444444	0.8770491803278688	15.139474005448188	1.0	0.22666666666666666	
_D:	2018-02-17 09:30:00	0.7829735471652975	0.08777921982911979	0.8677085114819927	0.8388073945233445	0.0	0.0	0.6944444444444444	0.8770491803278688	15.139474005448188	1.0	0.22666666666666666	
_D:	2018-02-17 10:00:00	0.725505059608051	0.05374058207005944	0.8677085114819927	0.8388073945233445	0.0	0.0	0.7027777777777765	0.90327868852459	15.118421373869243	1.0	0.16666666666666666	
_D:	2018-02-17 10:30:00	0.6640124289197844	0.02766545419604055	0.8677085114819927	0.8388073945233445	0.0	0.0	0.7027777777777765	0.90327868852459	15.118421373869243	1.0	0.16666666666666666	
_D:	2018-02-17 11:00:00	0.5995929925519181	0.010019147481706625	0.8677085114819927	0.8388073945233445	0.0	0.0	0.7000000000000013	0.9065573770491803	15.113158215974504	1.0	0.13333333333333333	
_D:	2018-02-17 11:30:00	0.5333963168725606	0.001116560688423418	0.8677085114819927	0.8388073945233445	0.0	0.0	0.7000000000000013	0.9065573770491803	15.113158215974504	1.0	0.13333333333333333	
_D:	2018-02-17 12:00:00	0.4666036831274393	0.001116560688423418	0.8677085114819927	0.8388073945233445	0.0	0.0	0.6972222222222229	0.9081967213114756	15.107895058079771	0.9840000000000001	0.12666666666666665	
_D:	2018-02-17 12:30:00	0.400407007448082	0.01001914748170657	0.8677085114819927	0.8388073945233445	0.0	0.0	0.6972222222222229	0.9081967213114756	15.107895058079771	0.9840000000000001	0.12666666666666665	
_D:	2018-02-17 13:00:00	0.33598757108021565	0.02766545419604055	0.8677085114819927	0.8388073945233445	0.0	0.0	0.7000000000000013	0.9081967213114756	15.107895058079771	1.0	0.14	
_D:	2018-02-17 13:30:00	0.2744949403919492	0.05374058207005927	0.8677085114819927	0.8388073945233445	0.0	0.0	0.7000000000000013	0.9081967213114756	15.107895058079771	1.0	0.14	
_D:	2018-02-17 14:00:00	0.2170264528347024	0.08777921982911985	0.8677085114819927	0.8388073945233445	0.0	0.0	0.6888888888888877	0.9180327868852459	15.102631900185028	1.0	0.11333333333333333	
_D:	2018-02-17 14:30:00	0.16460763493038838	0.12917394717602115	0.8677085114819927	0.8388073945233445	0.0	0.0	0.6888888888888877	0.9180327868852459	15.102631900185028	1.0	0.11333333333333333	
_D:	2018-02-17 15:00:00	0.11817390172633407	0.17718607422059873	0.8677085114819927	0.8388073945233445	0.0	0.0	0.6749999999999987	0.9278688524590163	15.081579268606088	0.992	0.09333333333333332	
_D:	2018-02-17 15:30:00	0.0785538642916015	0.23095882341831359	0.8677085114819927	0.8388073945233445	0.0	0.0	0.6749999999999987	0.9278688524590163	15.081579268606088	0.992	0.09333333333333332	
_D:	2018-02-17 16:00:00	0.04645454313282965	0.2895326187858325	0.8677085114819927	0.8388073945233445	0.0	0.0	0.6777777777777771	0.9278688524590163	15.081579268606088	0.992	0.10666666666666667	
_D:	2018-02-17 16:30:00	0.022448751396543787	0.35186220955718295	0.8677085114819927	0.8388073945233445	0.0	0.0	0.6777777777777771	0.9278688524590163	15.081579268606088	0.992	0.10666666666666667	
_D:	2018-02-17 17:00:00	0.006964873004985717	0.416835322708435	0.8677085114819927	0.8388073945233445	0.0	0.0	0.6777777777777771	0.9262295081967213	15.081579268606088	1.0	0.09333333333333332	
_D:	2018-02-17 17:30:00	0.0002792181348726941	0.4832925114961627	0.8677085114819927	0.8388073945233445	0.0	0.0	0.6777777777777771	0.9262295081967213	15.081579268606088	1.0	0.09333333333333332	
_D:	2018-02-17 18:00:00	0.002511092455747932	0.5500478458120488	0.8677085114819927	0.8388073945233445	0.003194888178913738	0.011714589989350373	0.6888888888888877	0.9360655737704917	15.076316110711344	1.0	0.10666666666666667	
_D:	2018-02-17 18:30:00	0.013620668117481416	0.6159100751337642	0.8677085114819927	0.8388073945233445	0.01810436634717785	0.03194888178913738	0.6888888888888877	0.9360655737704917	15.076316110711344	1.0	0.10666666666666667	
_D:	2018-02-17 19:00:00	0.033409694479198726	0.6797038864187566	0.8677085114819927	0.8388073945233445	0.019169329073482427	0.08200212992545261	0.7055555555555549	0.8967213114754099	15.118421373869243	0.992	0.14	
_D:	2018-02-17 19:30:00	0.061525035896664304	0.740290877593342	0.8677085114819927	0.8388073945233445	0.051118210862619806	0.14057507987220447	0.7055555555555549	0.8967213114754099	15.118421373869243	0.992	0.14	
_D:	2018-02-17 20:00:00	0.09746497343621835	0.7965898723646774	0.8677085114819927	0.8388073945233445	0.058572949946751864	0.21405750798722045	0.7138888888888901	0.8065573770491804	15.160526637027141	1.0	0.14666666666666667	
_D:	2018-02-17 20:30:00	0.14058815806103514	0.847596213837321	0.8677085114819927	0.8388073945233445	0.03194888178913738	0.28434504792332266	0.7138888888888901	0.8065573770491804	15.160526637027141	1.0	0.14666666666666667	
_D:	2018-02-17 21:00:00	0.19012505551987768	0.8923996926393306	0.8677085114819927	0.8388073945233445	0.04472843450479233	0.2736954206602769	0.7222222222222222	0.7147540983606556	15.202631900185033	1.0	0.18000000000000002	
_D:	2018-02-17 21:30:00	0.24519167870404107	0.9302007896300696	0.8677085114819927	0.8388073945233445	0.04792332268370607	0.4142705005324814	0.7222222222222222	0.7147540983606556	15.202631900185033	1.0	0.18000000000000002	
_D:	2018-02-17 22:00:00	0.3048053624182524	0.9603249433382144	0.8677085114819927	0.8388073945233445	0.014909478168264111	0.4057507987220447	0.7250000000000006	0.6655737704918032	15.234210847553449	0.992	0.19333333333333333	
_D:	2018-02-17 22:30:00	0.36790229906435723	0.9822345875271883	0.8677085114819927	0.8388073945233445	0.007454739084132056	0.6283280085197018	0.7250000000000006	0.6655737704918032	15.234210847553449	0.992	0.19333333333333333	
_D:	2018-02-17 23:00:00	0.4333565223131109	0.9955387440773901	0.8677085114819927	0.8388073945233445	0.046858359957401494	0.4547390841320554	0.7277777777777791	0.660655737704918	15.250000321237664	0.9690000000000001	0.20666666666666667	
_D:	2018-02-17 23:30:00	0.4999999999999999	1.0	0.8677085114819927	0.8388073945233445	0.10436634717784878	0.5058572949946751	0.7277777777777791	0.660655737704918	15.250000321237664	0.9690000000000001	0.20666666666666667	
_D:	2018-02-18 00:00:00	0.5	1.0	0.8734860438482777	0.8324276989821433	0.12247071352502663	0.33865814696485624	0.7194444444444438	0.680327868852459	15.250000321237664	0.922	0.22666666666666666	
_D:	2018-02-18 00:30:00	0.5666434776868894	0.9955387440773901	0.8734860438482777	0.8324276989821433	0.16613418530351437	0.2321618743343983	0.7194444444444438	0.680327868852459	15.250000321237664	0.922	0.22666666666666666	
_D:	2018-02-18 01:00:00	0.632097700935643	0.9822345875271883	0.8734860438482777	0.8324276989821433	0.12566560170394037	0.45686900958466453	0.7083333333333334	0.6950819672131149	15.244737163342926	0.945	0.22	
_D:	2018-02-18 01:30:00	0.6951946375817474	0.9603249433382144	0.8734860438482777	0.8324276989821433	0.1299254526091587	0.5782747603833865	0.7083333333333334	0.6950819672131149	15.244737163342926	0.945	0.22	
_D:	2018-02-18 02:00:00	0.7548083212959587	0.9302007896300697	0.8734860438482777	0.8324276989821433	0.12673056443024494	0.5058572949946751	0.7000000000000013	0.7114754098360657	15.250000321237664	0.977	0.22666666666666666	
_D:	2018-02-18 02:30:00	0.8098749444801224	0.8923996926393305	0.8734860438482777	0.8324276989821433	0.10436634717784878	0.4728434504792332	0.7000000000000013	0.7114754098360657	15.250000321237664	0.977	0.22666666666666666	
_D:	2018-02-18 03:00:00	0.8594118419389647	0.8475962138373212	0.8734860438482777	0.8324276989821433	0.11927582534611289	0.3301384451544196	0.6861111111111123	0.722950819672131	15.234210847553449	0.9840000000000001	0.2	
_D:	2018-02-18 03:30:00	0.9025350265637815	0.7965898723646776	0.8734860438482777	0.8324276989821433	0.0979765708200213	0.4547390841320554	0.6861111111111123	0.722950819672131	15.234210847553449	0.9840000000000001	0.2	
_D:	2018-02-18 04:00:00	0.9384749641033358	0.7402908775933419	0.8734860438482777	0.8324276989821433	0.05750798722044728	0.3610223642172524	0.6722222222222235	0.719672131147541	15.228947689658717	0.9840000000000001	0.22666666666666666	
_D:	2018-02-18 04:30:00	0.9665903055208013	0.6797038864187566	0.8734860438482777	0.8324276989821433	0.0670926517571885	0.2630457933972311	0.6722222222222235	0.719672131147541	15.228947689658717	0.9840000000000001	0.22666666666666666	
_D:	2018-02-18 05:00:00	0.9863793318825186	0.6159100751337642	0.8734860438482777	0.8324276989821433	0.038338658146964855	0.24281150159744408	0.6694444444444451	0.7573770491803279	15.21315821597451	0.977	0.24666666666666667	
_D:	2018-02-18 05:30:00	0.997488907544252	0.5500478458120492	0.8734860438482777	0.8324276989821433	0.05644302449414271	0.2215122470713525	0.6694444444444451	0.7573770491803279	15.21315821597451	0.977	0.24666666666666667	
_D:	2018-02-18 06:00:00	0.9997207818651273	0.48329251149616276	0.8734860438482777	0.8324276989821433	0.04046858359957402	0.09478168264110756	0.6722222222222235	0.8262295081967214	15.18157926860608	0.977	0.26	
_D:	2018-02-18 06:30:00	0.9930351269950143	0.4168353227084351	0.8734860438482777	0.8324276989821433	0.005324813631522897	0.038338658146964855	0.6722222222222235	0.8262295081967214	15.18157926860608	0.977	0.26	
_D:	2018-02-18 07:00:00	0.9775512486034562	0.35186220955718295	0.8734860438482777	0.8324276989821433	0.0	0.007454739084132056	0.6805555555555556	0.8540983606557376	15.171052952816611	0.977	0.2533333333333333	
_D:	2018-02-18 07:30:00	0.9535454568671704	0.2895326187858326	0.8734860438482777	0.8324276989821433	0.0	0.0	0.6805555555555556	0.8540983606557376	15.171052952816611	0.977	0.2533333333333333	
_D:	2018-02-18 08:00:00	0.9214461357083985	0.2309588234183137	0.8734860438482777	0.8324276989821433	0.0	0.0	0.691666666666666	0.8918032786885247	15.155263479132396	0.9840000000000001	0.22	
_D:	2018-02-18 08:30:00	0.8818260982736661	0.1771860742205988	0.8734860438482777	0.8324276989821433	0.0	0.0	0.691666666666666	0.8918032786885247	15.155263479132396	0.9840000000000001	0.22	
_D:	2018-02-18 09:00:00	0.8353923650696119	0.12917394717602138	0.8734860438482777	0.8324276989821433	0.0	0.0	0.7083333333333334	0.9016393442622951	15.155263479132396	0.977	0.19333333333333333	
_D:	2018-02-18 09:30:00	0.7829735471652975	0.08777921982911979	0.8734860438482777	0.8324276989821433	0.0	0.0	0.7083333333333334	0.9016393442622951	15.155263479132396	0.977	0.19333333333333333	
_D:	2018-02-18 10:00:00	0.725505059608051	0.05374058207005944	0.8734860438482777	0.8324276989821433	0.0	0.0	0.7083333333333334	0.9131147540983607	15.144737163342926	0.9840000000000001	0.17333333333333334	
_D:	2018-02-18 10:30:00	0.6640124289197844	0.02766545419604055	0.8734860438482777	0.8324276989821433	0.0	0.0	0.7083333333333334	0.9131147540983607	15.144737163342926	0.9840000000000001	0.17333333333333334	
_D:	2018-02-18 11:00:00	0.5995929925519181	0.010019147481706625	0.8734860438482777	0.8324276989821433	0.0	0.0	0.7027777777777765	0.9180327868852459	15.139474005448188	0.9840000000000001	0.15333333333333332	
_D:	2018-02-18 11:30:00	0.5333963168725606	0.001116560688423418	0.8734860438482777	0.8324276989821433	0.0	0.0	0.7027777777777765	0.9180327868852459	15.139474005448188	0.9840000000000001	0.15333333333333332	
_D:	2018-02-18 12:00:00	0.4666036831274393	0.001116560688423418	0.8734860438482777	0.8324276989821433	0.0	0.0	0.6888888888888877	0.9295081967213116	15.128947689658713	0.9690000000000001	0.14	
_D:	2018-02-18 12:30:00	0.400407007448082	0.01001914748170657	0.8734860438482777	0.8324276989821433	0.0	0.0	0.6888888888888877	0.9295081967213116	15.128947689658713	0.9690000000000001	0.14	
_D:	2018-02-18 13:00:00	0.33598757108021565	0.02766545419604055	0.8734860438482777	0.8324276989821433	0.0	0.0	0.6805555555555556	0.9377049180327869	15.12368453176398	1.0	0.14666666666666667	
_D:	2018-02-18 13:30:00	0.2744949403919492	0.05374058207005927	0.8734860438482777	0.8324276989821433	0.0	0.0	0.6805555555555556	0.9377049180327869	15.12368453176398	1.0	0.14666666666666667	
_D:	2018-02-18 14:00:00	0.2170264528347024	0.08777921982911985	0.8734860438482777	0.8324276989821433	0.0	0.0	0.6638888888888883	0.9393442622950819	15.113158215974504	1.0	0.12666666666666665	
_D:	2018-02-18 14:30:00	0.16460763493038838	0.12917394717602115	0.8734860438482777	0.8324276989821433	0.0	0.0	0.6638888888888883	0.9393442622950819	15.113158215974504	1.0	0.12666666666666665	
_D:	2018-02-18 15:00:00	0.11817390172633407	0.17718607422059873	0.8734860438482777	0.8324276989821433	0.0	0.0	0.6472222222222209	0.9459016393442623	15.113158215974504	1.0	0.14666666666666667	
_D:	2018-02-18 15:30:00	0.0785538642916015	0.23095882341831359	0.8734860438482777	0.8324276989821433	0.0	0.0	0.6472222222222209	0.9459016393442623	15.113158215974504	1.0	0.14666666666666667	
_D:	2018-02-18 16:00:00	0.04645454313282965	0.2895326187858325	0.8734860438482777	0.8324276989821433	0.0	0.0	0.6361111111111105	0.9426229508196722	15.107895058079771	1.0	0.15333333333333332	
_D:	2018-02-18 16:30:00	0.022448751396543787	0.35186220955718295	0.8734860438482777	0.8324276989821433	0.0	0.0	0.6361111111111105	0.9426229508196722	15.107895058079771	1.0	0.15333333333333332	
_D:	2018-02-18 17:00:00	0.006964873004985717	0.416835322708435	0.8734860438482777	0.8324276989821433	0.0	0.0	0.6277777777777784	0.9377049180327869	15.107895058079771	0.9840000000000001	0.15333333333333332	
_D:	2018-02-18 17:30:00	0.0002792181348726941	0.4832925114961627	0.8734860438482777	0.8324276989821433	0.0	0.03301384451544196	0.6277777777777784	0.9377049180327869	15.107895058079771	0.9840000000000001	0.15333333333333332	
_D:	2018-02-18 18:00:00	0.002511092455747932	0.5500478458120488	0.8734860438482777	0.8324276989821433	0.007454739084132056	0.11501597444089456	0.6333333333333321	0.9344262295081968	15.102631900185028	0.953	0.14	
_D:	2018-02-18 18:30:00	0.013620668117481416	0.6159100751337642	0.8734860438482777	0.8324276989821433	0.03514376996805112	0.0724174653887114	0.6333333333333321	0.9344262295081968	15.102631900185028	0.953	0.14	
_D:	2018-02-18 19:00:00	0.033409694479198726	0.6797038864187566	0.8734860438482777	0.8324276989821433	0.07454739084132056	0.10010649627263046	0.6333333333333321	0.9344262295081968	15.102631900185028	0.953	0.14	
_D:	2018-02-18 19:30:00	0.061525035896664304	0.740290877593342	0.8734860438482777	0.8324276989821433	0.1182108626198083	0.22257720979765708	0.6333333333333321	0.9344262295081968	15.102631900185028	0.953	0.14	
_D:	2018-02-18 20:00:00	0.09746497343621835	0.7965898723646774	0.8734860438482777	0.8324276989821433	0.1959531416400426	0.26198083067092653	0.6333333333333321	0.9344262295081968	15.102631900185028	0.953	0.14	
_D:	2018-02-18 20:30:00	0.14058815806103514	0.847596213837321	0.8734860438482777	0.8324276989821433	0.3801916932907348	0.27689030883919064	0.6333333333333321	0.9344262295081968	15.102631900185028	0.953	0.14	
_D:	2018-02-18 21:00:00	0.19012505551987768	0.8923996926393306	0.8734860438482777	0.8324276989821433	0.3951011714589989	0.26091586794462196	0.6333333333333321	0.9344262295081968	15.102631900185028	0.953	0.14	
_D:	2018-02-18 21:30:00	0.24519167870404107	0.9302007896300696	0.8734860438482777	0.8324276989821433	0.4696485623003195	0.37167199148029817	0.6333333333333321	0.9344262295081968	15.102631900185028	0.953	0.14	
_D:	2018-02-18 22:00:00	0.3048053624182524	0.9603249433382144	0.8734860438482777	0.8324276989821433	0.6645367412140575	0.2854100106496273	0.6333333333333321	0.9344262295081968	15.102631900185028	0.953	0.14	
_D:	2018-02-18 22:30:00	0.36790229906435723	0.9822345875271883	0.8734860438482777	0.8324276989821433	0.5101171458998935	0.5250266240681576	0.6333333333333321	0.9344262295081968	15.102631900185028	0.953	0.14	
_D:	2018-02-18 23:00:00	0.4333565223131109	0.9955387440773901	0.8734860438482777	0.8324276989821433	0.7060702875399361	0.5292864749733759	0.6333333333333321	0.9344262295081968	15.102631900185028	0.953	0.14	
_D:	2018-02-18 23:30:00	0.4999999999999999	1.0	0.8734860438482777	0.8324276989821433	0.898828541001065	0.5601703940362087	0.6333333333333321	0.9344262295081968	15.102631900185028	0.953	0.14	
_D:	2018-02-19 00:00:00	0.5	1.0	0.8791529042392812	0.8259494979393562	0.952076677316294	0.6496272630457934	0.6111111111111112	0.7213114754098361	15.260526637027134	0.961	0.2733333333333333	
_D:	2018-02-19 00:30:00	0.5666434776868894	0.9955387440773901	0.8791529042392812	0.8259494979393562	0.3365282215122471	0.6549520766773163	0.6111111111111112	0.7213114754098361	15.260526637027134	0.961	0.2733333333333333	
_D:	2018-02-19 13:30:00	0.2744949403919492	0.05374058207005927	0.8791529042392812	0.8259494979393562	0.0	0.0	0.47500000000000064	0.8655737704918033	15.139474005448188	0.961	0.30666666666666664	
_D:	2018-02-19 14:00:00	0.2170264528347024	0.08777921982911985	0.8791529042392812	0.8259494979393562	0.0	0.0	0.47500000000000064	0.8655737704918033	15.139474005448188	0.961	0.30666666666666664	
_D:	2018-02-19 14:30:00	0.16460763493038838	0.12917394717602115	0.8791529042392812	0.8259494979393562	0.0	0.0	0.47500000000000064	0.8655737704918033	15.139474005448188	0.961	0.30666666666666664	
_D:	2018-02-19 15:00:00	0.11817390172633407	0.17718607422059873	0.8791529042392812	0.8259494979393562	0.0	0.0	0.47500000000000064	0.8655737704918033	15.139474005448188	0.961	0.30666666666666664	
_D:	2018-02-19 15:30:00	0.0785538642916015	0.23095882341831359	0.8791529042392812	0.8259494979393562	0.0	0.0	0.47500000000000064	0.8655737704918033	15.139474005448188	0.961	0.30666666666666664	
_D:	2018-02-19 16:00:00	0.04645454313282965	0.2895326187858325	0.8791529042392812	0.8259494979393562	0.0	0.0	0.47500000000000064	0.8655737704918033	15.139474005448188	0.961	0.30666666666666664	
_D:	2018-02-19 16:30:00	0.022448751396543787	0.35186220955718295	0.8791529042392812	0.8259494979393562	0.0	0.0	0.47500000000000064	0.8655737704918033	15.139474005448188	0.961	0.30666666666666664	
_D:	2018-02-19 17:00:00	0.006964873004985717	0.416835322708435	0.8791529042392812	0.8259494979393562	0.0	0.0	0.47500000000000064	0.8655737704918033	15.139474005448188	0.961	0.30666666666666664	
_D:	2018-02-19 17:30:00	0.0002792181348726941	0.4832925114961627	0.8791529042392812	0.8259494979393562	0.0	0.002129925452609159	0.47500000000000064	0.8655737704918033	15.139474005448188	0.961	0.30666666666666664	
_D:	2018-02-19 18:00:00	0.002511092455747932	0.5500478458120488	0.8791529042392812	0.8259494979393562	0.0	0.01703940362087327	0.37222222222222157	0.9163934426229509	15.102631900185028	0.32	0.26	
_D:	2018-02-19 18:30:00	0.013620668117481416	0.6159100751337642	0.8791529042392812	0.8259494979393562	0.0010649627263045794	0.05324813631522897	0.37222222222222157	0.9163934426229509	15.102631900185028	0.32	0.26	
_D:	2018-02-19 19:00:00	0.033409694479198726	0.6797038864187566	0.8791529042392812	0.8259494979393562	0.003194888178913738	0.09904153354632587	0.37222222222222157	0.9163934426229509	15.102631900185028	0.32	0.26	
_D:	2018-02-19 19:30:00	0.061525035896664304	0.740290877593342	0.8791529042392812	0.8259494979393562	0.008519701810436636	0.14909478168264112	0.37222222222222157	0.9163934426229509	15.102631900185028	0.32	0.26	
_D:	2018-02-19 20:00:00	0.09746497343621835	0.7965898723646774	0.8791529042392812	0.8259494979393562	0.007454739084132056	0.2736954206602769	0.37222222222222157	0.9163934426229509	15.102631900185028	0.32	0.26	
_D:	2018-02-19 20:30:00	0.14058815806103514	0.847596213837321	0.8791529042392812	0.8259494979393562	0.003194888178913738	0.33865814696485624	0.37222222222222157	0.9163934426229509	15.102631900185028	0.32	0.26	
_D:	2018-02-19 21:00:00	0.19012505551987768	0.8923996926393306	0.8791529042392812	0.8259494979393562	0.012779552715654952	0.5601703940362087	0.37222222222222157	0.9163934426229509	15.102631900185028	0.32	0.26	
_D:	2018-02-19 21:30:00	0.24519167870404107	0.9302007896300696	0.8791529042392812	0.8259494979393562	0.025559105431309903	0.556975505857295	0.37222222222222157	0.9163934426229509	15.102631900185028	0.32	0.26	
_D:	2018-02-19 22:00:00	0.3048053624182524	0.9603249433382144	0.8791529042392812	0.8259494979393562	0.05005324813631523	0.5047923322683706	0.37222222222222157	0.9163934426229509	15.102631900185028	0.32	0.26	
_D:	2018-02-19 22:30:00	0.36790229906435723	0.9822345875271883	0.8791529042392812	0.8259494979393562	0.07454739084132056	0.48881789137380194	0.37222222222222157	0.9163934426229509	15.102631900185028	0.32	0.26	
_D:	2018-02-19 23:00:00	0.4333565223131109	0.9955387440773901	0.8791529042392812	0.8259494979393562	0.07987220447284345	0.5931842385516507	0.37222222222222157	0.9163934426229509	15.102631900185028	0.32	0.26	
_D:	2018-02-19 23:30:00	0.4999999999999999	1.0	0.8791529042392812	0.8259494979393562	0.07561235356762513	0.5154419595314164	0.37222222222222157	0.9163934426229509	15.102631900185028	0.32	0.26	
_D:	2018-02-20 00:00:00	0.5	1.0	0.8847074134419689	0.8193747110257636	0.06070287539936102	0.8349307774227902	0.2583333333333321	0.740983606557377	15.281579268606086	0.992	0.5666666666666667	
_D:	2018-02-20 00:30:00	0.5666434776868894	0.9955387440773901	0.8847074134419689	0.8193747110257636	0.11927582534611289	0.6549520766773163	0.2583333333333321	0.740983606557377	15.281579268606086	0.992	0.5666666666666667	
_D:	2018-02-20 01:00:00	0.632097700935643	0.9822345875271883	0.8847074134419689	0.8193747110257636	0.2215122470713525	0.4398296059637913	0.2583333333333321	0.740983606557377	15.281579268606086	0.992	0.5666666666666667	
_D:	2018-02-20 01:30:00	0.6951946375817474	0.9603249433382144	0.8847074134419689	0.8193747110257636	0.26624068157614483	0.6613418530351438	0.2583333333333321	0.740983606557377	15.281579268606086	0.992	0.5666666666666667	
_D:	2018-02-20 02:00:00	0.7548083212959587	0.9302007896300697	0.8847074134419689	0.8193747110257636	0.2641107561235357	0.7358892438764644	0.2583333333333321	0.740983606557377	15.281579268606086	0.992	0.5666666666666667	
_D:	2018-02-20 02:30:00	0.8098749444801224	0.8923996926393305	0.8847074134419689	0.8193747110257636	0.14164004259850904	0.5473908413205538	0.2583333333333321	0.740983606557377	15.281579268606086	0.992	0.5666666666666667	
_D:	2018-02-20 03:00:00	0.8594118419389647	0.8475962138373212	0.8847074134419689	0.8193747110257636	0.13525026624068157	0.7124600638977636	0.2583333333333321	0.740983606557377	15.281579268606086	0.992	0.5666666666666667	
_D:	2018-02-20 03:30:00	0.9025350265637815	0.7965898723646776	0.8847074134419689	0.8193747110257636	0.11927582534611289	0.7060702875399361	0.2583333333333321	0.740983606557377	15.281579268606086	0.992	0.5666666666666667	
_D:	2018-02-20 04:00:00	0.9384749641033358	0.7402908775933419	0.8847074134419689	0.8193747110257636	0.0670926517571885	0.48242811501597443	0.2583333333333321	0.740983606557377	15.281579268606086	0.992	0.5666666666666667	
_D:	2018-02-20 04:30:00	0.9665903055208013	0.6797038864187566	0.8847074134419689	0.8193747110257636	0.08839190628328009	0.5473908413205538	0.2583333333333321	0.740983606557377	15.281579268606086	0.992	0.5666666666666667	
_D:	2018-02-20 05:00:00	0.9863793318825186	0.6159100751337642	0.8847074134419689	0.8193747110257636	0.1799787007454739	0.3887113951011715	0.2583333333333321	0.740983606557377	15.281579268606086	0.992	0.5666666666666667	
_D:	2018-02-20 05:30:00	0.997488907544252	0.5500478458120492	0.8847074134419689	0.8193747110257636	0.14270500532481364	0.20766773162939298	0.2583333333333321	0.740983606557377	15.281579268606086	0.992	0.5666666666666667	
_D:	2018-02-20 06:00:00	0.9997207818651273	0.48329251149616276	0.8847074134419689	0.8193747110257636	0.039403620873269436	0.07454739084132056	-0.10555555555555429	0.7442622950819673	15.21315821597451	1.0	1.0666666666666667	
_D:	2018-02-20 06:30:00	0.9930351269950143	0.4168353227084351	0.8847074134419689	0.8193747110257636	0.024494142705005325	0.05750798722044728	-0.10555555555555429	0.7442622950819673	15.21315821597451	1.0	1.0666666666666667	
_D:	2018-02-20 07:00:00	0.9775512486034562	0.35186220955718295	0.8847074134419689	0.8193747110257636	0.0010649627263045794	0.005324813631522897	-0.10555555555555429	0.7442622950819673	15.21315821597451	1.0	1.0666666666666667	
_D:	2018-02-20 07:30:00	0.9535454568671704	0.2895326187858326	0.8847074134419689	0.8193747110257636	0.0	0.0	-0.10555555555555429	0.7442622950819673	15.21315821597451	1.0	1.0666666666666667	
_D:	2018-02-20 08:00:00	0.9214461357083985	0.2309588234183137	0.8847074134419689	0.8193747110257636	0.0	0.0	-0.10555555555555429	0.7442622950819673	15.21315821597451	1.0	1.0666666666666667	
_D:	2018-02-20 08:30:00	0.8818260982736661	0.1771860742205988	0.8847074134419689	0.8193747110257636	0.0	0.0	-0.10555555555555429	0.7442622950819673	15.21315821597451	1.0	1.0666666666666667	
_D:	2018-02-20 09:00:00	0.8353923650696119	0.12917394717602138	0.8847074134419689	0.8193747110257636	0.0	0.0	-0.10555555555555429	0.7442622950819673	15.21315821597451	1.0	1.0666666666666667	
_D:	2018-02-20 09:30:00	0.7829735471652975	0.08777921982911979	0.8847074134419689	0.8193747110257636	0.0	0.0	-0.10555555555555429	0.7442622950819673	15.21315821597451	1.0	1.0666666666666667	
_D:	2018-02-20 10:00:00	0.725505059608051	0.05374058207005944	0.8847074134419689	0.8193747110257636	0.0	0.0	-0.10555555555555429	0.7442622950819673	15.21315821597451	1.0	1.0666666666666667	
_D:	2018-02-20 10:30:00	0.6640124289197844	0.02766545419604055	0.8847074134419689	0.8193747110257636	0.0	0.0	-0.10555555555555429	0.7442622950819673	15.21315821597451	1.0	1.0666666666666667	
_D:	2018-02-20 11:00:00	0.5995929925519181	0.010019147481706625	0.8847074134419689	0.8193747110257636	0.0	0.0	-0.10555555555555429	0.7442622950819673	15.21315821597451	1.0	1.0666666666666667	
_D:	2018-02-20 11:30:00	0.5333963168725606	0.001116560688423418	0.8847074134419689	0.8193747110257636	0.0	0.0	-0.10555555555555429	0.7442622950819673	15.21315821597451	1.0	1.0666666666666667	
_D:	2018-02-20 12:00:00	0.4666036831274393	0.001116560688423418	0.8847074134419689	0.8193747110257636	0.0	0.0	-0.2916666666666667	0.6934426229508196	15.055263479132403	1.0	1.2	
_D:	2018-02-20 12:30:00	0.400407007448082	0.01001914748170657	0.8847074134419689	0.8193747110257636	0.0	0.0	-0.2916666666666667	0.6934426229508196	15.055263479132403	1.0	1.2	
_D:	2018-02-20 13:00:00	0.33598757108021565	0.02766545419604055	0.8847074134419689	0.8193747110257636	0.0	0.0	-0.2916666666666667	0.6934426229508196	15.055263479132403	1.0	1.2	
_D:	2018-02-20 13:30:00	0.2744949403919492	0.05374058207005927	0.8847074134419689	0.8193747110257636	0.0	0.0	-0.2916666666666667	0.6934426229508196	15.055263479132403	1.0	1.2	
_D:	2018-02-20 14:00:00	0.2170264528347024	0.08777921982911985	0.8847074134419689	0.8193747110257636	0.0	0.0	-0.2916666666666667	0.6934426229508196	15.055263479132403	1.0	1.2	
_D:	2018-02-20 14:30:00	0.16460763493038838	0.12917394717602115	0.8847074134419689	0.8193747110257636	0.0	0.0	-0.2916666666666667	0.6934426229508196	15.055263479132403	1.0	1.2	
_D:	2018-02-20 15:00:00	0.11817390172633407	0.17718607422059873	0.8847074134419689	0.8193747110257636	0.0	0.0	-0.2916666666666667	0.6934426229508196	15.055263479132403	1.0	1.2	
_D:	2018-02-20 15:30:00	0.0785538642916015	0.23095882341831359	0.8847074134419689	0.8193747110257636	0.0	0.0	-0.2916666666666667	0.6934426229508196	15.055263479132403	1.0	1.2	
_D:	2018-02-20 16:00:00	0.04645454313282965	0.2895326187858325	0.8847074134419689	0.8193747110257636	0.0	0.0	-0.2916666666666667	0.6934426229508196	15.055263479132403	1.0	1.2	
_D:	2018-02-20 16:30:00	0.022448751396543787	0.35186220955718295	0.8847074134419689	0.8193747110257636	0.0	0.0	-0.2916666666666667	0.6934426229508196	15.055263479132403	1.0	1.2	
_D:	2018-02-20 17:00:00	0.006964873004985717	0.416835322708435	0.8847074134419689	0.8193747110257636	0.0	0.0	-0.2916666666666667	0.6934426229508196	15.055263479132403	1.0	1.2	
_D:	2018-02-20 17:30:00	0.0002792181348726941	0.4832925114961627	0.8847074134419689	0.8193747110257636	0.0	0.002129925452609159	-0.2916666666666667	0.6934426229508196	15.055263479132403	1.0	1.2	
_D:	2018-02-20 18:00:00	0.002511092455747932	0.5500478458120488	0.8847074134419689	0.8193747110257636	0.006389776357827476	0.013844515441959531	0.1388888888888889	0.4032786885245902	14.881579268606083	0.93	0.9266666666666666	
_D:	2018-02-20 18:30:00	0.013620668117481416	0.6159100751337642	0.8847074134419689	0.8193747110257636	0.021299254526091587	0.0670926517571885	0.1388888888888889	0.4032786885245902	14.881579268606083	0.93	0.9266666666666666	
_D:	2018-02-20 19:00:00	0.033409694479198726	0.6797038864187566	0.8847074134419689	0.8193747110257636	0.058572949946751864	0.11395101171458999	0.1388888888888889	0.4032786885245902	14.881579268606083	0.93	0.9266666666666666	
_D:	2018-02-20 19:30:00	0.061525035896664304	0.740290877593342	0.8847074134419689	0.8193747110257636	0.08519701810436635	0.22790202342917998	0.1388888888888889	0.4032786885245902	14.881579268606083	0.93	0.9266666666666666	
_D:	2018-02-20 20:00:00	0.09746497343621835	0.7965898723646774	0.8847074134419689	0.8193747110257636	0.10649627263045794	0.29605963791267303	0.1388888888888889	0.4032786885245902	14.881579268606083	0.93	0.9266666666666666	
_D:	2018-02-20 20:30:00	0.14058815806103514	0.847596213837321	0.8847074134419689	0.8193747110257636	0.2417465388711395	0.41959531416400425	0.1388888888888889	0.4032786885245902	14.881579268606083	0.93	0.9266666666666666	
_D:	2018-02-20 21:00:00	0.19012505551987768	0.8923996926393306	0.8847074134419689	0.8193747110257636	0.31309904153354634	0.34824281150159747	0.1388888888888889	0.4032786885245902	14.881579268606083	0.93	0.9266666666666666	
_D:	2018-02-20 21:30:00	0.24519167870404107	0.9302007896300696	0.8847074134419689	0.8193747110257636	0.41533546325878595	0.5750798722044729	0.1388888888888889	0.4032786885245902	14.881579268606083	0.93	0.9266666666666666	
_D:	2018-02-20 22:00:00	0.3048053624182524	0.9603249433382144	0.8847074134419689	0.8193747110257636	0.5228966986155484	0.724174653887114	0.1388888888888889	0.4032786885245902	14.881579268606083	0.93	0.9266666666666666	
_D:	2018-02-20 22:30:00	0.36790229906435723	0.9822345875271883	0.8847074134419689	0.8193747110257636	0.3035143769968051	0.6123535676251332	0.1388888888888889	0.4032786885245902	14.881579268606083	0.93	0.9266666666666666	
_D:	2018-02-20 23:00:00	0.4333565223131109	0.9955387440773901	0.8847074134419689	0.8193747110257636	0.20447284345047922	0.2939297124600639	0.1388888888888889	0.4032786885245902	14.881579268606083	0.93	0.9266666666666666	
_D:	2018-02-20 23:30:00	0.4999999999999999	1.0	0.8847074134419689	0.8193747110257636	0.2268370607028754	0.6815761448349308	0.1388888888888889	0.4032786885245902	14.881579268606083	0.93	0.9266666666666666	
_D:	2018-02-21 00:00:00	0.5	1.0	0.8901479255353877	0.8127052864926232	0.3514376996805112	0.906283280085197	0.29444444444444506	0.43770491803278694	14.928947689658715	0.695	0.5866666666666667	
_D:	2018-02-21 00:30:00	0.5666434776868894	0.9955387440773901	0.8901479255353877	0.8127052864926232	0.27689030883919064	0.8423855165069223	0.29444444444444506	0.43770491803278694	14.928947689658715	0.695	0.5866666666666667	
_D:	2018-02-21 01:00:00	0.632097700935643	0.9822345875271883	0.8901479255353877	0.8127052864926232	0.1810436634717785	0.8445154419595314	0.29444444444444506	0.43770491803278694	14.928947689658715	0.695	0.5866666666666667	
_D:	2018-02-21 01:30:00	0.6951946375817474	0.9603249433382144	0.8901479255353877	0.8127052864926232	0.16293929712460065	0.8242811501597445	0.29444444444444506	0.43770491803278694	14.928947689658715	0.695	0.5866666666666667	
_D:	2018-02-21 02:00:00	0.7548083212959587	0.9302007896300697	0.8901479255353877	0.8127052864926232	0.1288604898828541	0.6805111821086262	0.29444444444444506	0.43770491803278694	14.928947689658715	0.695	0.5866666666666667	
_D:	2018-02-21 02:30:00	0.8098749444801224	0.8923996926393305	0.8901479255353877	0.8127052864926232	0.48775292864749736	0.711395101171459	0.29444444444444506	0.43770491803278694	14.928947689658715	0.695	0.5866666666666667	
_D:	2018-02-21 03:00:00	0.8594118419389647	0.8475962138373212	0.8901479255353877	0.8127052864926232	0.1810436634717785	0.8232161874334398	0.29444444444444506	0.43770491803278694	14.928947689658715	0.695	0.5866666666666667	
_D:	2018-02-21 03:30:00	0.9025350265637815	0.7965898723646776	0.8901479255353877	0.8127052864926232	0.21831735889243875	0.7603833865814696	0.29444444444444506	0.43770491803278694	14.928947689658715	0.695	0.5866666666666667	
_D:	2018-02-21 04:00:00	0.9384749641033358	0.7402908775933419	0.8901479255353877	0.8127052864926232	0.17252396166134185	0.5069222577209798	0.29444444444444506	0.43770491803278694	14.928947689658715	0.695	0.5866666666666667	
_D:	2018-02-21 04:30:00	0.9665903055208013	0.6797038864187566	0.8901479255353877	0.8127052864926232	0.20873269435569755	0.4334398296059638	0.29444444444444506	0.43770491803278694	14.928947689658715	0.695	0.5866666666666667	
_D:	2018-02-21 05:00:00	0.9863793318825186	0.6159100751337642	0.8901479255353877	0.8127052864926232	0.1810436634717785	0.3812566560170394	0.29444444444444506	0.43770491803278694	14.928947689658715	0.695	0.5866666666666667	
_D:	2018-02-21 05:30:00	0.997488907544252	0.5500478458120492	0.8901479255353877	0.8127052864926232	0.0777422790202343	0.2790202342917998	0.29444444444444506	0.43770491803278694	14.928947689658715	0.695	0.5866666666666667	
_D:	2018-02-21 06:00:00	0.9997207818651273	0.48329251149616276	0.8901479255353877	0.8127052864926232	0.11288604898828541	0.1650692225772098	0.33611111111111175	0.7147540983606556	14.80789505807977	0.57	0.41333333333333333	
_D:	2018-02-21 06:30:00	0.9930351269950143	0.4168353227084351	0.8901479255353877	0.8127052864926232	0.019169329073482427	0.059637912673056445	0.33611111111111175	0.7147540983606556	14.80789505807977	0.57	0.41333333333333333	
_D:	2018-02-21 07:00:00	0.9775512486034562	0.35186220955718295	0.8901479255353877	0.8127052864926232	0.002129925452609159	0.004259850905218318	0.33611111111111175	0.7147540983606556	14.80789505807977	0.57	0.41333333333333333	
_D:	2018-02-21 07:30:00	0.9535454568671704	0.2895326187858326	0.8901479255353877	0.8127052864926232	0.0	0.0	0.33611111111111175	0.7147540983606556	14.80789505807977	0.57	0.41333333333333333	
_D:	2018-02-21 08:00:00	0.9214461357083985	0.2309588234183137	0.8901479255353877	0.8127052864926232	0.0	0.0	0.33611111111111175	0.7147540983606556	14.80789505807977	0.57	0.41333333333333333	
_D:	2018-02-21 08:30:00	0.8818260982736661	0.1771860742205988	0.8901479255353877	0.8127052864926232	0.0	0.0	0.33611111111111175	0.7147540983606556	14.80789505807977	0.57	0.41333333333333333	
_D:	2018-02-21 09:00:00	0.8353923650696119	0.12917394717602138	0.8901479255353877	0.8127052864926232	0.0	0.0	0.33611111111111175	0.7147540983606556	14.80789505807977	0.57	0.41333333333333333	
_D:	2018-02-21 09:30:00	0.7829735471652975	0.08777921982911979	0.8901479255353877	0.8127052864926232	0.0	0.0	0.33611111111111175	0.7147540983606556	14.80789505807977	0.57	0.41333333333333333	
_D:	2018-02-21 10:00:00	0.725505059608051	0.05374058207005944	0.8901479255353877	0.8127052864926232	0.0	0.0	0.33611111111111175	0.7147540983606556	14.80789505807977	0.57	0.41333333333333333	
_D:	2018-02-21 10:30:00	0.6640124289197844	0.02766545419604055	0.8901479255353877	0.8127052864926232	0.0	0.0	0.33611111111111175	0.7147540983606556	14.80789505807977	0.57	0.41333333333333333	
_D:	2018-02-21 11:00:00	0.5995929925519181	0.010019147481706625	0.8901479255353877	0.8127052864926232	0.0	0.0	0.33611111111111175	0.7147540983606556	14.80789505807977	0.57	0.41333333333333333	
_D:	2018-02-21 11:30:00	0.5333963168725606	0.001116560688423418	0.8901479255353877	0.8127052864926232	0.0	0.0	0.33611111111111175	0.7147540983606556	14.80789505807977	0.57	0.41333333333333333	
_D:	2018-02-21 12:00:00	0.4666036831274393	0.001116560688423418	0.8901479255353877	0.8127052864926232	0.0	0.0	0.42777777777777715	0.7901639344262296	14.760526637027134	0.594	0.23333333333333334	
_D:	2018-02-21 12:30:00	0.400407007448082	0.01001914748170657	0.8901479255353877	0.8127052864926232	0.0	0.0	0.42777777777777715	0.7901639344262296	14.760526637027134	0.594	0.23333333333333334	
_D:	2018-02-21 13:00:00	0.33598757108021565	0.02766545419604055	0.8901479255353877	0.8127052864926232	0.0	0.0	0.42777777777777715	0.7901639344262296	14.760526637027134	0.594	0.23333333333333334	
_D:	2018-02-21 13:30:00	0.2744949403919492	0.05374058207005927	0.8901479255353877	0.8127052864926232	0.0	0.0	0.42777777777777715	0.7901639344262296	14.760526637027134	0.594	0.23333333333333334	
_D:	2018-02-21 14:00:00	0.2170264528347024	0.08777921982911985	0.8901479255353877	0.8127052864926232	0.0	0.0	0.42777777777777715	0.7901639344262296	14.760526637027134	0.594	0.23333333333333334	
_D:	2018-02-21 14:30:00	0.16460763493038838	0.12917394717602115	0.8901479255353877	0.8127052864926232	0.0	0.0	0.42777777777777715	0.7901639344262296	14.760526637027134	0.594	0.23333333333333334	
_D:	2018-02-21 15:00:00	0.11817390172633407	0.17718607422059873	0.8901479255353877	0.8127052864926232	0.0	0.0	0.42777777777777715	0.7901639344262296	14.760526637027134	0.594	0.23333333333333334	
_D:	2018-02-21 15:30:00	0.0785538642916015	0.23095882341831359	0.8901479255353877	0.8127052864926232	0.0	0.0	0.42777777777777715	0.7901639344262296	14.760526637027134	0.594	0.23333333333333334	
_D:	2018-02-21 16:00:00	0.04645454313282965	0.2895326187858325	0.8901479255353877	0.8127052864926232	0.0	0.0	0.42777777777777715	0.7901639344262296	14.760526637027134	0.594	0.23333333333333334	
_D:	2018-02-21 16:30:00	0.022448751396543787	0.35186220955718295	0.8901479255353877	0.8127052864926232	0.0	0.0	0.42777777777777715	0.7901639344262296	14.760526637027134	0.594	0.23333333333333334	
_D:	2018-02-21 17:00:00	0.006964873004985717	0.416835322708435	0.8901479255353877	0.8127052864926232	0.0	0.0	0.42777777777777715	0.7901639344262296	14.760526637027134	0.594	0.23333333333333334	
_D:	2018-02-21 17:30:00	0.0002792181348726941	0.4832925114961627	0.8901479255353877	0.8127052864926232	0.0	0.0	0.42777777777777715	0.7901639344262296	14.760526637027134	0.594	0.23333333333333334	
_D:	2018-02-21 18:00:00	0.002511092455747932	0.5500478458120488	0.8901479255353877	0.8127052864926232	0.012779552715654952	0.01703940362087327	0.4722222222222222	0.7721311475409836	14.7552634791324	0.008	0.13333333333333333	
_D:	2018-02-21 18:30:00	0.013620668117481416	0.6159100751337642	0.8901479255353877	0.8127052864926232	0.025559105431309903	0.04898828541001065	0.4722222222222222	0.7721311475409836	14.7552634791324	0.008	0.13333333333333333	
_D:	2018-02-21 19:00:00	0.033409694479198726	0.6797038864187566	0.8901479255353877	0.8127052864926232	0.04898828541001065	0.0724174653887114	0.4722222222222222	0.7721311475409836	14.7552634791324	0.008	0.13333333333333333	
_D:	2018-02-21 19:30:00	0.061525035896664304	0.740290877593342	0.8901479255353877	0.8127052864926232	0.13631522896698617	0.12247071352502663	0.4722222222222222	0.7721311475409836	14.7552634791324	0.008	0.13333333333333333	
_D:	2018-02-21 20:00:00	0.09746497343621835	0.7965898723646774	0.8901479255353877	0.8127052864926232	0.268370607028754	0.22257720979765708	0.4722222222222222	0.7721311475409836	14.7552634791324	0.008	0.13333333333333333	
_D:	2018-02-21 20:30:00	0.14058815806103514	0.847596213837321	0.8901479255353877	0.8127052864926232	0.41214057507987223	0.28434504792332266	0.4722222222222222	0.7721311475409836	14.7552634791324	0.008	0.13333333333333333	
_D:	2018-02-21 21:00:00	0.19012505551987768	0.8923996926393306	0.8901479255353877	0.8127052864926232	0.5324813631522897	0.45154419595314166	0.4722222222222222	0.7721311475409836	14.7552634791324	0.008	0.13333333333333333	
_D:	2018-02-21 21:30:00	0.24519167870404107	0.9302007896300696	0.8901479255353877	0.8127052864926232	0.6187433439829606	0.6134185303514377	0.4722222222222222	0.7721311475409836	14.7552634791324	0.008	0.13333333333333333	
_D:	2018-02-21 22:00:00	0.3048053624182524	0.9603249433382144	0.8901479255353877	0.8127052864926232	0.7124600638977636	0.4281150159744409	0.4722222222222222	0.7721311475409836	14.7552634791324	0.008	0.13333333333333333	
_D:	2018-02-21 22:30:00	0.36790229906435723	0.9822345875271883	0.8901479255353877	0.8127052864926232	0.7752928647497338	0.37912673056443025	0.4722222222222222	0.7721311475409836	14.7552634791324	0.008	0.13333333333333333	
_D:	2018-02-21 23:00:00	0.4333565223131109	0.9955387440773901	0.8901479255353877	0.8127052864926232	0.8306709265175719	0.564430244941427	0.4722222222222222	0.7721311475409836	14.7552634791324	0.008	0.13333333333333333	
_D:	2018-02-21 23:30:00	0.4999999999999999	1.0	0.8901479255353877	0.8127052864926232	0.8711395101171459	0.4685835995740149	0.4722222222222222	0.7721311475409836	14.7552634791324	0.008	0.13333333333333333	
_D:	2018-02-22 00:00:00	0.5	1.0	0.8954728283783886	0.8059432006343621	0.8924387646432375	0.5623003194888179	0.5194444444444457	0.19344262295081963	15.107895058079771	0.594	0.41333333333333333	
_D:	2018-02-22 00:30:00	0.5666434776868894	0.9955387440773901	0.8954728283783886	0.8059432006343621	0.9041533546325878	0.44195953141640043	0.5194444444444457	0.19344262295081963	15.107895058079771	0.594	0.41333333333333333	
_D:	2018-02-22 01:00:00	0.632097700935643	0.9822345875271883	0.8954728283783886	0.8059432006343621	0.898828541001065	0.35676251331203407	0.5194444444444457	0.19344262295081963	15.107895058079771	0.594	0.41333333333333333	
_D:	2018-02-22 01:30:00	0.6951946375817474	0.9603249433382144	0.8954728283783886	0.8059432006343621	0.8871139510117146	0.2928647497337593	0.5194444444444457	0.19344262295081963	15.107895058079771	0.594	0.41333333333333333	
_D:	2018-02-22 02:00:00	0.7548083212959587	0.9302007896300697	0.8954728283783886	0.8059432006343621	0.8647497337593184	0.26943556975505856	0.5194444444444457	0.19344262295081963	15.107895058079771	0.594	0.41333333333333333	
_D:	2018-02-22 02:30:00	0.8098749444801224	0.8923996926393305	0.8954728283783886	0.8059432006343621	0.832800851970181	0.22257720979765708	0.5194444444444457	0.19344262295081963	15.107895058079771	0.594	0.41333333333333333	
_D:	2018-02-22 03:00:00	0.8594118419389647	0.8475962138373212	0.8954728283783886	0.8059432006343621	0.784877529286475	0.1757188498402556	0.5194444444444457	0.19344262295081963	15.107895058079771	0.594	0.41333333333333333	
_D:	2018-02-22 03:30:00	0.9025350265637815	0.7965898723646776	0.8954728283783886	0.8059432006343621	0.7188498402555911	0.10969116080937168	0.5194444444444457	0.19344262295081963	15.107895058079771	0.594	0.41333333333333333	
_D:	2018-02-22 04:00:00	0.9384749641033358	0.7402908775933419	0.8954728283783886	0.8059432006343621	0.6389776357827476	0.12247071352502663	0.5194444444444457	0.19344262295081963	15.107895058079771	0.594	0.41333333333333333	
_D:	2018-02-22 04:30:00	0.9665903055208013	0.6797038864187566	0.8954728283783886	0.8059432006343621	0.54419595314164	0.09584664536741214	0.5194444444444457	0.19344262295081963	15.107895058079771	0.594	0.41333333333333333	
_D:	2018-02-22 05:00:00	0.9863793318825186	0.6159100751337642	0.8954728283783886	0.8059432006343621	0.422790202342918	0.04472843450479233	0.5194444444444457	0.19344262295081963	15.107895058079771	0.594	0.41333333333333333	
_D:	2018-02-22 05:30:00	0.997488907544252	0.5500478458120492	0.8954728283783886	0.8059432006343621	0.2854100106496273	0.04579339723109691	0.5194444444444457	0.19344262295081963	15.107895058079771	0.594	0.41333333333333333	
_D:	2018-02-22 06:00:00	0.9997207818651273	0.48329251149616276	0.8954728283783886	0.8059432006343621	0.11608093716719915	0.019169329073482427	0.5277777777777778	0.3967213114754099	15.02894768965872	0.742	0.3	
_D:	2018-02-22 06:30:00	0.9930351269950143	0.4168353227084351	0.8954728283783886	0.8059432006343621	0.023429179978700747	0.014909478168264111	0.5277777777777778	0.3967213114754099	15.02894768965872	0.742	0.3	
_D:	2018-02-22 07:00:00	0.9775512486034562	0.35186220955718295	0.8954728283783886	0.8059432006343621	0.002129925452609159	0.0010649627263045794	0.5277777777777778	0.3967213114754099	15.02894768965872	0.742	0.3	
_D:	2018-02-22 07:30:00	0.9535454568671704	0.2895326187858326	0.8954728283783886	0.8059432006343621	0.0	0.0	0.5277777777777778	0.3967213114754099	15.02894768965872	0.742	0.3	
_D:	2018-02-22 08:00:00	0.9214461357083985	0.2309588234183137	0.8954728283783886	0.8059432006343621	0.0	0.0	0.5277777777777778	0.3967213114754099	15.02894768965872	0.742	0.3	
_D:	2018-02-22 08:30:00	0.8818260982736661	0.1771860742205988	0.8954728283783886	0.8059432006343621	0.0	0.0	0.5277777777777778	0.3967213114754099	15.02894768965872	0.742	0.3	
_D:	2018-02-22 09:00:00	0.8353923650696119	0.12917394717602138	0.8954728283783886	0.8059432006343621	0.0	0.0	0.5277777777777778	0.3967213114754099	15.02894768965872	0.742	0.3	
_D:	2018-02-22 09:30:00	0.7829735471652975	0.08777921982911979	0.8954728283783886	0.8059432006343621	0.0	0.0	0.5277777777777778	0.3967213114754099	15.02894768965872	0.742	0.3	
_D:	2018-02-22 10:00:00	0.725505059608051	0.05374058207005944	0.8954728283783886	0.8059432006343621	0.0	0.0	0.5277777777777778	0.3967213114754099	15.02894768965872	0.742	0.3	
_D:	2018-02-22 10:30:00	0.6640124289197844	0.02766545419604055	0.8954728283783886	0.8059432006343621	0.0	0.0	0.5277777777777778	0.3967213114754099	15.02894768965872	0.742	0.3	
_D:	2018-02-22 11:00:00	0.5995929925519181	0.010019147481706625	0.8954728283783886	0.8059432006343621	0.0	0.0	0.5277777777777778	0.3967213114754099	15.02894768965872	0.742	0.3	
_D:	2018-02-22 11:30:00	0.5333963168725606	0.001116560688423418	0.8954728283783886	0.8059432006343621	0.0	0.0	0.5277777777777778	0.3967213114754099	15.02894768965872	0.742	0.3	
_D:	2018-02-22 12:00:00	0.4666036831274393	0.001116560688423418	0.8954728283783886	0.8059432006343621	0.0	0.0	0.5861111111111117	0.5262295081967212	14.923684531763982	0.258	0.16	
_D:	2018-02-22 12:30:00	0.400407007448082	0.01001914748170657	0.8954728283783886	0.8059432006343621	0.0	0.0	0.5861111111111117	0.5262295081967212	14.923684531763982	0.258	0.16	
_D:	2018-02-22 13:00:00	0.33598757108021565	0.02766545419604055	0.8954728283783886	0.8059432006343621	0.0	0.0	0.5861111111111117	0.5262295081967212	14.923684531763982	0.258	0.16	
_D:	2018-02-22 13:30:00	0.2744949403919492	0.05374058207005927	0.8954728283783886	0.8059432006343621	0.0	0.0	0.5861111111111117	0.5262295081967212	14.923684531763982	0.258	0.16	
_D:	2018-02-22 14:00:00	0.2170264528347024	0.08777921982911985	0.8954728283783886	0.8059432006343621	0.0	0.0	0.5861111111111117	0.5262295081967212	14.923684531763982	0.258	0.16	
_D:	2018-02-22 14:30:00	0.16460763493038838	0.12917394717602115	0.8954728283783886	0.8059432006343621	0.0	0.0	0.5861111111111117	0.5262295081967212	14.923684531763982	0.258	0.16	
_D:	2018-02-22 15:00:00	0.11817390172633407	0.17718607422059873	0.8954728283783886	0.8059432006343621	0.0	0.0	0.5861111111111117	0.5262295081967212	14.923684531763982	0.258	0.16	
_D:	2018-02-22 15:30:00	0.0785538642916015	0.23095882341831359	0.8954728283783886	0.8059432006343621	0.0	0.0	0.5861111111111117	0.5262295081967212	14.923684531763982	0.258	0.16	
_D:	2018-02-22 16:00:00	0.04645454313282965	0.2895326187858325	0.8954728283783886	0.8059432006343621	0.0	0.0	0.5861111111111117	0.5262295081967212	14.923684531763982	0.258	0.16	
_D:	2018-02-22 16:30:00	0.022448751396543787	0.35186220955718295	0.8954728283783886	0.8059432006343621	0.0	0.0	0.5861111111111117	0.5262295081967212	14.923684531763982	0.258	0.16	
_D:	2018-02-22 17:00:00	0.006964873004985717	0.416835322708435	0.8954728283783886	0.8059432006343621	0.0	0.0	0.5861111111111117	0.5262295081967212	14.923684531763982	0.258	0.16	
_D:	2018-02-22 17:30:00	0.0002792181348726941	0.4832925114961627	0.8954728283783886	0.8059432006343621	0.0	0.0	0.5861111111111117	0.5262295081967212	14.923684531763982	0.258	0.16	
_D:	2018-02-22 18:00:00	0.002511092455747932	0.5500478458120488	0.8954728283783886	0.8059432006343621	0.010649627263045794	0.003194888178913738	0.6055555555555543	0.5803278688524591	14.965789794921875	0.359	0.22666666666666666	
_D:	2018-02-22 18:30:00	0.013620668117481416	0.6159100751337642	0.8954728283783886	0.8059432006343621	0.024494142705005325	0.013844515441959531	0.6055555555555543	0.5803278688524591	14.965789794921875	0.359	0.22666666666666666	
_D:	2018-02-22 19:00:00	0.033409694479198726	0.6797038864187566	0.8954728283783886	0.8059432006343621	0.04792332268370607	0.051118210862619806	0.6055555555555543	0.5803278688524591	14.965789794921875	0.359	0.22666666666666666	
_D:	2018-02-22 19:30:00	0.061525035896664304	0.740290877593342	0.8954728283783886	0.8059432006343621	0.13844515441959532	0.09691160809371673	0.6055555555555543	0.5803278688524591	14.965789794921875	0.359	0.22666666666666666	
_D:	2018-02-22 20:00:00	0.09746497343621835	0.7965898723646774	0.8954728283783886	0.8059432006343621	0.2673056443024494	0.18743343982960597	0.6055555555555543	0.5803278688524591	14.965789794921875	0.359	0.22666666666666666	
_D:	2018-02-22 20:30:00	0.14058815806103514	0.847596213837321	0.8954728283783886	0.8059432006343621	0.4014909478168264	0.21512247071352503	0.6055555555555543	0.5803278688524591	14.965789794921875	0.359	0.22666666666666666	
_D:	2018-02-22 21:00:00	0.19012505551987768	0.8923996926393306	0.8954728283783886	0.8059432006343621	0.5175718849840255	0.22577209797657083	0.6055555555555543	0.5803278688524591	14.965789794921875	0.359	0.22666666666666666	
_D:	2018-02-22 21:30:00	0.24519167870404107	0.9302007896300696	0.8954728283783886	0.8059432006343621	0.6230031948881789	0.3077742279020234	0.6055555555555543	0.5803278688524591	14.965789794921875	0.359	0.22666666666666666	
_D:	2018-02-22 22:00:00	0.3048053624182524	0.9603249433382144	0.8954728283783886	0.8059432006343621	0.6986155484558041	0.42385516506922255	0.6055555555555543	0.5803278688524591	14.965789794921875	0.359	0.22666666666666666	