_H:	$Name	%Input[2:0,0]<2:11,1>	%Input[2:1,0]	%Input[2:2,0]	%Input[2:3,0]	%Input[2:4,0]	%Input[2:5,0]	%Input[2:6,0]	%Input[2:7,0]	%Input[2:8,0]	%Input[2:9,0]	%Input[2:10,0]
_D:	2018-02-21 01:30:00	0.6951946375817474	0.9603249433382144	0.8901479255353877	0.8127052864926232	0.0031007751937984496	0.0031007751937984496	0.3472222222222222	0.7934426229508198	15.118421373869243	0.688	0.30666666666666664	
_D:	2018-02-21 02:00:00	0.7548083212959587	0.9302007896300697	0.8901479255353877	0.8127052864926232	0.0031007751937984496	0.0031007751937984496	0.3555555555555543	0.7704918032786885	15.118421373869243	0.898	0.29333333333333333	
_D:	2018-02-21 02:30:00	0.8098749444801224	0.8923996926393305	0.8901479255353877	0.8127052864926232	0.0031007751937984496	0.0031007751937984496	0.3555555555555543	0.7704918032786885	15.118421373869243	0.898	0.29333333333333333	
_D:	2018-02-21 03:00:00	0.8594118419389647	0.8475962138373212	0.8901479255353877	0.8127052864926232	0.0031007751937984496	0.0031007751937984496	0.36388888888888954	0.7524590163934427	15.107895058079771	0.531	0.2733333333333333	
_D:	2018-02-21 03:30:00	0.9025350265637815	0.7965898723646776	0.8901479255353877	0.8127052864926232	0.0031007751937984496	0.0031007751937984496	0.36388888888888954	0.7524590163934427	15.107895058079771	0.531	0.2733333333333333	
_D:	2018-02-21 04:00:00	0.9384749641033358	0.7402908775933419	0.8901479255353877	0.8127052864926232	0.0031007751937984496	0.0031007751937984496	0.37222222222222157	0.680327868852459	15.076316110711344	0.22699999999999998	0.28	
_D:	2018-02-21 04:30:00	0.9665903055208013	0.6797038864187566	0.8901479255353877	0.8127052864926232	0.0031007751937984496	0.0031007751937984496	0.37222222222222157	0.680327868852459	15.076316110711344	0.22699999999999998	0.28	
_D:	2018-02-21 05:00:00	0.9863793318825186	0.6159100751337642	0.8901479255353877	0.8127052864926232	0.0031007751937984496	0.0031007751937984496	0.375	0.6147540983606558	15.05000032123766	0.086	0.26	
_D:	2018-02-21 05:30:00	0.997488907544252	0.5500478458120492	0.8901479255353877	0.8127052864926232	0.0031007751937984496	0.0031007751937984496	0.375	0.6147540983606558	15.05000032123766	0.086	0.26	
_D:	2018-02-21 06:00:00	0.9997207818651273	0.48329251149616276	0.8901479255353877	0.8127052864926232	0.0031007751937984496	0.0031007751937984496	0.3833333333333321	0.542622950819672	15.018421373869243	0.18	0.18000000000000002	
_D:	2018-02-21 06:30:00	0.9930351269950143	0.4168353227084351	0.8901479255353877	0.8127052864926232	0.0031007751937984496	0.0031007751937984496	0.3833333333333321	0.542622950819672	15.018421373869243	0.18	0.18000000000000002	
_D:	2018-02-21 07:00:00	0.9775512486034562	0.35186220955718295	0.8901479255353877	0.8127052864926232	0.0015503875968992248	0.0015503875968992248	0.3916666666666673	0.6098360655737706	14.986842426500822	0.281	0.14666666666666667	
_D:	2018-02-21 07:30:00	0.9535454568671704	0.2895326187858326	0.8901479255353877	0.8127052864926232	0.004651162790697674	0.08217054263565891	0.3916666666666673	0.6098360655737706	14.986842426500822	0.281	0.14666666666666667	
_D:	2018-02-21 08:00:00	0.9214461357083985	0.2309588234183137	0.8901479255353877	0.8127052864926232	0.04806201550387597	0.2372093023255814	0.40555555555555617	0.6540983606557378	15.05000032123766	0.23399999999999999	0.21333333333333335	
_D:	2018-02-21 08:30:00	0.8818260982736661	0.1771860742205988	0.8901479255353877	0.8127052864926232	0.07286821705426356	0.4945736434108527	0.40555555555555617	0.6540983606557378	15.05000032123766	0.23399999999999999	0.21333333333333335	
_D:	2018-02-21 09:00:00	0.8353923650696119	0.12917394717602138	0.8901479255353877	0.8127052864926232	0.09922480620155039	0.6868217054263566	0.41388888888888825	0.5868852459016393	15.118421373869243	0.32799999999999996	0.23333333333333334	
_D:	2018-02-21 09:30:00	0.7829735471652975	0.08777921982911979	0.8901479255353877	0.8127052864926232	0.2806201550387597	0.7488372093023256	0.41388888888888825	0.5868852459016393	15.118421373869243	0.32799999999999996	0.23333333333333334	
_D:	2018-02-21 10:00:00	0.725505059608051	0.05374058207005944	0.8901479255353877	0.8127052864926232	0.3364341085271318	0.4790697674418605	0.4249999999999987	0.5459016393442623	15.134210847553456	0.266	0.3733333333333333	
_D:	2018-02-21 10:30:00	0.6640124289197844	0.02766545419604055	0.8901479255353877	0.8127052864926232	0.45271317829457364	0.7798449612403101	0.4249999999999987	0.5459016393442623	15.134210847553456	0.266	0.3733333333333333	
_D:	2018-02-21 11:00:00	0.5995929925519181	0.010019147481706625	0.8901479255353877	0.8127052864926232	0.5782945736434109	0.8527131782945736	0.4388888888888876	0.5508196721311475	15.150000321237664	0.39799999999999996	0.36666666666666664	
_D:	2018-02-21 11:30:00	0.5333963168725606	0.001116560688423418	0.8901479255353877	0.8127052864926232	0.2868217054263566	0.5844961240310077	0.4388888888888876	0.5508196721311475	15.150000321237664	0.39799999999999996	0.36666666666666664	
_D:	2018-02-21 12:00:00	0.4666036831274393	0.001116560688423418	0.8901479255353877	0.8127052864926232	0.1875968992248062	0.351937984496124	0.44166666666666604	0.4475409836065573	15.150000321237664	0.39799999999999996	0.35333333333333333	
_D:	2018-02-21 12:30:00	0.400407007448082	0.01001914748170657	0.8901479255353877	0.8127052864926232	0.2124031007751938	0.772093023255814	0.44166666666666604	0.4475409836065573	15.150000321237664	0.39799999999999996	0.35333333333333333	
_D:	2018-02-21 13:00:00	0.33598757108021565	0.02766545419604055	0.8901479255353877	0.8127052864926232	0.32868217054263565	0.9286821705426357	0.4388888888888876	0.36557377049180323	15.186842426500824	0.32	0.35333333333333333	
_D:	2018-02-21 13:30:00	0.2744949403919492	0.05374058207005927	0.8901479255353877	0.8127052864926232	0.27286821705426356	0.7984496124031008	0.4388888888888876	0.36557377049180323	15.186842426500824	0.32	0.35333333333333333	
_D:	2018-02-21 14:00:00	0.2170264528347024	0.08777921982911985	0.8901479255353877	0.8127052864926232	0.2	0.6992248062015504	0.4361111111111124	0.33442622950819667	15.197368742290294	0.359	0.39333333333333337	
_D:	2018-02-21 14:30:00	0.16460763493038838	0.12917394717602115	0.8901479255353877	0.8127052864926232	0.12868217054263567	0.6697674418604651	0.4361111111111124	0.33442622950819667	15.197368742290294	0.359	0.39333333333333337	
_D:	2018-02-21 15:00:00	0.11817390172633407	0.17718607422059873	0.8901479255353877	0.8127052864926232	0.10077519379844961	0.5271317829457365	0.4305555555555556	0.3377049180327869	15.192105584395557	0.35200000000000004	0.44	
_D:	2018-02-21 15:30:00	0.0785538642916015	0.23095882341831359	0.8901479255353877	0.8127052864926232	0.3689922480620155	0.5255813953488372	0.4305555555555556	0.3377049180327869	15.192105584395557	0.35200000000000004	0.44	
_D:	2018-02-21 16:00:00	0.04645454313282965	0.2895326187858325	0.8901479255353877	0.8127052864926232	0.17829457364341086	0.4806201550387597	0.41944444444444506	0.29999999999999993	15.17631611071135	0.578	0.48666666666666664	
_D:	2018-02-21 16:30:00	0.022448751396543787	0.35186220955718295	0.8901479255353877	0.8127052864926232	0.22635658914728682	0.3689922480620155	0.41944444444444506	0.29999999999999993	15.17631611071135	0.578	0.48666666666666664	
_D:	2018-02-21 17:00:00	0.006964873004985717	0.416835322708435	0.8901479255353877	0.8127052864926232	0.16124031007751938	0.22945736434108527	0.41388888888888825	0.3245901639344262	15.150000321237664	0.508	0.46	
_D:	2018-02-21 17:30:00	0.0002792181348726941	0.4832925114961627	0.8901479255353877	0.8127052864926232	0.12248062015503876	0.15658914728682172	0.41388888888888825	0.3245901639344262	15.150000321237664	0.508	0.46	
_D:	2018-02-21 18:00:00	0.002511092455747932	0.5500478458120488	0.8901479255353877	0.8127052864926232	0.11627906976744186	0.14728682170542637	0.4166666666666667	0.33442622950819667	15.134210847553456	0.38299999999999995	0.44	
_D:	2018-02-21 18:30:00	0.013620668117481416	0.6159100751337642	0.8901479255353877	0.8127052864926232	0.04961240310077519	0.11317829457364341	0.4166666666666667	0.33442622950819667	15.134210847553456	0.38299999999999995	0.44	
_D:	2018-02-21 19:00:00	0.033409694479198726	0.6797038864187566	0.8901479255353877	0.8127052864926232	0.043410852713178294	0.07286821705426356	0.41944444444444506	0.4098360655737705	15.102631900185028	0.508	0.36666666666666664	
_D:	2018-02-21 19:30:00	0.061525035896664304	0.740290877593342	0.8901479255353877	0.8127052864926232	0.0015503875968992248	0.027906976744186046	0.41944444444444506	0.4098360655737705	15.102631900185028	0.508	0.36666666666666664	
_D:	2018-02-21 20:00:00	0.09746497343621835	0.7965898723646774	0.8901479255353877	0.8127052864926232	0.0031007751937984496	0.0015503875968992248	0.42777777777777715	0.5196721311475411	15.03947400544819	0.32799999999999996	0.33999999999999997	
_D:	2018-02-21 20:30:00	0.14058815806103514	0.847596213837321	0.8901479255353877	0.8127052864926232	0.0031007751937984496	0.0031007751937984496	0.42777777777777715	0.5196721311475411	15.03947400544819	0.32799999999999996	0.33999999999999997	
_D:	2018-02-21 21:00:00	0.19012505551987768	0.8923996926393306	0.8901479255353877	0.8127052864926232	0.0031007751937984496	0.0031007751937984496	0.4388888888888876	0.5163934426229508	15.023684531763976	0.391	0.29333333333333333	
_D:	2018-02-21 21:30:00	0.24519167870404107	0.9302007896300696	0.8901479255353877	0.8127052864926232	0.0031007751937984496	0.0031007751937984496	0.4388888888888876	0.5163934426229508	15.023684531763976	0.391	0.29333333333333333	
_D:	2018-02-21 22:00:00	0.3048053624182524	0.9603249433382144	0.8901479255353877	0.8127052864926232	0.0031007751937984496	0.0031007751937984496	0.46111111111111175	0.521311475409836	15.018421373869243	0.312	0.28	
_D:	2018-02-21 22:30:00	0.36790229906435723	0.9822345875271883	0.8901479255353877	0.8127052864926232	0.0031007751937984496	0.0031007751937984496	0.46111111111111175	0.521311475409836	15.018421373869243	0.312	0.28	
_D:	2018-02-21 23:00:00	0.4333565223131109	0.9955387440773901	0.8901479255353877	0.8127052864926232	0.0031007751937984496	0.0031007751937984496	0.4666666666666654	0.5245901639344263	15.013158215974505	0.359	0.26666666666666666	
_D:	2018-02-21 23:30:00	0.4999999999999999	1.0	0.8901479255353877	0.8127052864926232	0.0031007751937984496	0.0031007751937984496	0.4666666666666654	0.5245901639344263	15.013158215974505	0.359	0.26666666666666666	
_D:	2018-02-22 00:00:00	0.5	1.0	0.8954728283783886	0.8059432006343621	0.0031007751937984496	0.0031007751937984496	0.4666666666666654	0.5196721311475411	15.013158215974505	0.297	0.28	
_D:	2018-02-22 00:30:00	0.5666434776868894	0.9955387440773901	0.8954728283783886	0.8059432006343621	0.0031007751937984496	0.0031007751937984496	0.4666666666666654	0.5196721311475411	15.013158215974505	0.297	0.28	
_D:	2018-02-22 01:00:00	0.632097700935643	0.9822345875271883	0.8954728283783886	0.8059432006343621	0.0031007751937984496	0.0031007751937984496	0.4638888888888901	0.5114754098360657	15.002631900185035	0.336	0.3	
_D:	2018-02-22 01:30:00	0.6951946375817474	0.9603249433382144	0.8954728283783886	0.8059432006343621	0.0031007751937984496	0.0031007751937984496	0.4638888888888901	0.5114754098360657	15.002631900185035	0.336	0.3	
_D:	2018-02-22 02:00:00	0.7548083212959587	0.9302007896300697	0.8954728283783886	0.8059432006343621	0.0031007751937984496	0.0031007751937984496	0.4638888888888901	0.5196721311475411	14.997368742290291	0.336	0.31333333333333335	
_D:	2018-02-22 02:30:00	0.8098749444801224	0.8923996926393305	0.8954728283783886	0.8059432006343621	0.0031007751937984496	0.0031007751937984496	0.4638888888888901	0.5196721311475411	14.997368742290291	0.336	0.31333333333333335	
_D:	2018-02-22 03:00:00	0.8594118419389647	0.8475962138373212	0.8954728283783886	0.8059432006343621	0.0031007751937984496	0.0031007751937984496	0.4527777777777765	0.5262295081967212	14.997368742290291	0.36700000000000005	0.3266666666666667	
_D:	2018-02-22 03:30:00	0.9025350265637815	0.7965898723646776	0.8954728283783886	0.8059432006343621	0.0031007751937984496	0.0031007751937984496	0.4527777777777765	0.5262295081967212	14.997368742290291	0.36700000000000005	0.3266666666666667	
_D:	2018-02-22 04:00:00	0.9384749641033358	0.7402908775933419	0.8954728283783886	0.8059432006343621	0.0031007751937984496	0.0031007751937984496	0.44166666666666604	0.5229508196721312	14.997368742290291	0.359	0.33999999999999997	
_D:	2018-02-22 04:30:00	0.9665903055208013	0.6797038864187566	0.8954728283783886	0.8059432006343621	0.0031007751937984496	0.0031007751937984496	0.44166666666666604	0.5229508196721312	14.997368742290291	0.359	0.33999999999999997	
_D:	2018-02-22 05:00:00	0.9863793318825186	0.6159100751337642	0.8954728283783886	0.8059432006343621	0.0031007751937984496	0.0031007751937984496	0.42777777777777715	0.5262295081967212	14.997368742290291	0.312	0.36666666666666664	
_D:	2018-02-22 05:30:00	0.997488907544252	0.5500478458120492	0.8954728283783886	0.8059432006343621	0.0031007751937984496	0.0031007751937984496	0.42777777777777715	0.5262295081967212	14.997368742290291	0.312	0.36666666666666664	
_D:	2018-02-22 06:00:00	0.9997207818651273	0.48329251149616276	0.8954728283783886	0.8059432006343621	0.0031007751937984496	0.0031007751937984496	0.4305555555555556	0.5229508196721312	14.986842426500822	0.344	0.36000000000000004	
_D:	2018-02-22 06:30:00	0.9930351269950143	0.4168353227084351	0.8954728283783886	0.8059432006343621	0.0031007751937984496	0.0031007751937984496	0.4305555555555556	0.5229508196721312	14.986842426500822	0.344	0.36000000000000004	
_D:	2018-02-22 07:00:00	0.9775512486034562	0.35186220955718295	0.8954728283783886	0.8059432006343621	0.0015503875968992248	0.009302325581395349	0.43333333333333396	0.5163934426229508	14.986842426500822	0.258	0.3333333333333333	
_D:	2018-02-22 07:30:00	0.9535454568671704	0.2895326187858326	0.8954728283783886	0.8059432006343621	0.006201550387596899	0.07286821705426356	0.43333333333333396	0.5163934426229508	14.986842426500822	0.258	0.3333333333333333	
_D:	2018-02-22 08:00:00	0.9214461357083985	0.2309588234183137	0.8954728283783886	0.8059432006343621	0.34728682170542635	0.4666666666666667	0.44722222222222285	0.5360655737704918	15.007895058079768	0.32	0.3466666666666667	
_D:	2018-02-22 08:30:00	0.8818260982736661	0.1771860742205988	0.8954728283783886	0.8059432006343621	0.5348837209302325	0.26046511627906976	0.44722222222222285	0.5360655737704918	15.007895058079768	0.32	0.3466666666666667	
_D:	2018-02-22 09:00:00	0.8353923650696119	0.12917394717602138	0.8954728283783886	0.8059432006343621	0.662015503875969	0.33798449612403103	0.45555555555555494	0.5049180327868852	15.055263479132403	0.281	0.4066666666666666	
_D:	2018-02-22 09:30:00	0.7829735471652975	0.08777921982911979	0.8954728283783886	0.8059432006343621	0.737984496124031	0.32868217054263565	0.45555555555555494	0.5049180327868852	15.055263479132403	0.281	0.4066666666666666	
_D:	2018-02-22 10:00:00	0.725505059608051	0.05374058207005944	0.8954728283783886	0.8059432006343621	0.7937984496124031	0.5658914728682171	0.45555555555555494	0.4081967213114754	15.097368742290296	0.45299999999999996	0.46	
_D:	2018-02-22 10:30:00	0.6640124289197844	0.02766545419604055	0.8954728283783886	0.8059432006343621	0.8263565891472868	0.6961240310077519	0.45555555555555494	0.4081967213114754	15.097368742290296	0.45299999999999996	0.46	
_D:	2018-02-22 11:00:00	0.5995929925519181	0.010019147481706625	0.8954728283783886	0.8059432006343621	0.8480620155038759	0.4418604651162791	0.4583333333333333	0.3442622950819672	15.113158215974504	0.578	0.52	
_D:	2018-02-22 11:30:00	0.5333963168725606	0.001116560688423418	0.8954728283783886	0.8059432006343621	0.8542635658914729	0.3891472868217054	0.4583333333333333	0.3442622950819672	15.113158215974504	0.578	0.52	
_D:	2018-02-22 12:00:00	0.4666036831274393	0.001116560688423418	0.8954728283783886	0.8059432006343621	0.8449612403100775	0.5627906976744186	0.46111111111111175	0.4016393442622951	15.107895058079771	0.672	0.5133333333333333	
_D:	2018-02-22 12:30:00	0.400407007448082	0.01001914748170657	0.8954728283783886	0.8059432006343621	0.8372093023255814	0.4635658914728682	0.46111111111111175	0.4016393442622951	15.107895058079771	0.672	0.5133333333333333	
_D:	2018-02-22 13:00:00	0.33598757108021565	0.02766545419604055	0.8954728283783886	0.8059432006343621	0.8155038759689922	0.5410852713178295	0.4583333333333333	0.43278688524590175	15.081579268606088	0.688	0.5	
_D:	2018-02-22 13:30:00	0.2744949403919492	0.05374058207005927	0.8954728283783886	0.8059432006343621	0.7751937984496124	0.43410852713178294	0.4583333333333333	0.43278688524590175	15.081579268606088	0.688	0.5	
_D:	2018-02-22 14:00:00	0.2170264528347024	0.08777921982911985	0.8954728283783886	0.8059432006343621	0.7271317829457364	0.3488372093023256	0.4500000000000013	0.5049180327868852	15.065789794921875	0.7190000000000001	0.43333333333333335	
_D:	2018-02-22 14:30:00	0.16460763493038838	0.12917394717602115	0.8954728283783886	0.8059432006343621	0.6604651162790698	0.2806201550387597	0.4500000000000013	0.5049180327868852	15.065789794921875	0.7190000000000001	0.43333333333333335	
_D:	2018-02-22 15:00:00	0.11817390172633407	0.17718607422059873	0.8954728283783886	0.8059432006343621	0.586046511627907	0.2558139534883721	0.4444444444444444	0.6131147540983608	15.071052952816611	0.406	0.33999999999999997	
_D:	2018-02-22 15:30:00	0.0785538642916015	0.23095882341831359	0.8954728283783886	0.8059432006343621	0.4992248062015504	0.22170542635658916	0.4444444444444444	0.6131147540983608	15.071052952816611	0.406	0.33999999999999997	
_D:	2018-02-22 16:00:00	0.04645454313282965	0.2895326187858325	0.8954728283783886	0.8059432006343621	0.4015503875968992	0.16744186046511628	0.4361111111111124	0.6508196721311476	15.071052952816611	0.45299999999999996	0.31333333333333335	
_D:	2018-02-22 16:30:00	0.022448751396543787	0.35186220955718295	0.8954728283783886	0.8059432006343621	0.29147286821705426	0.10542635658914729	0.4361111111111124	0.6508196721311476	15.071052952816611	0.45299999999999996	0.31333333333333335	
_D:	2018-02-22 17:00:00	0.006964873004985717	0.416835322708435	0.8954728283783886	0.8059432006343621	0.17984496124031008	0.11937984496124031	0.43333333333333396	0.6704918032786886	15.060526637027136	0.578	0.3333333333333333	
_D:	2018-02-22 17:30:00	0.0002792181348726941	0.4832925114961627	0.8954728283783886	0.8059432006343621	0.07906976744186046	0.09302325581395349	0.43333333333333396	0.6704918032786886	15.060526637027136	0.578	0.3333333333333333	
_D:	2018-02-22 18:00:00	0.002511092455747932	0.5500478458120488	0.8954728283783886	0.8059432006343621	0.027906976744186046	0.037209302325581395	0.43333333333333396	0.5098360655737704	15.071052952816611	0.508	0.32	
_D:	2018-02-22 18:30:00	0.013620668117481416	0.6159100751337642	0.8954728283783886	0.8059432006343621	0.017054263565891473	0.034108527131782945	0.43333333333333396	0.5098360655737704	15.071052952816611	0.508	0.32	
_D:	2018-02-22 19:00:00	0.033409694479198726	0.6797038864187566	0.8954728283783886	0.8059432006343621	0.004651162790697674	0.007751937984496124	0.4444444444444444	0.4868852459016394	15.065789794921875	0.414	0.28	
_D:	2018-02-22 19:30:00	0.061525035896664304	0.740290877593342	0.8954728283783886	0.8059432006343621	0.0015503875968992248	0.0015503875968992248	0.4444444444444444	0.4868852459016394	15.065789794921875	0.414	0.28	
_D:	2018-02-22 20:00:00	0.09746497343621835	0.7965898723646774	0.8954728283783886	0.8059432006343621	0.0031007751937984496	0.0031007751937984496	0.4500000000000013	0.5360655737704918	15.02894768965872	0.031	0.18666666666666665	
_D:	2018-02-22 20:30:00	0.14058815806103514	0.847596213837321	0.8954728283783886	0.8059432006343621	0.0031007751937984496	0.0031007751937984496	0.4500000000000013	0.5360655737704918	15.02894768965872	0.031	0.18666666666666665	
_D:	2018-02-22 21:00:00	0.19012505551987768	0.8923996926393306	0.8954728283783886	0.8059432006343621	0.0031007751937984496	0.0031007751937984496	0.46944444444444383	0.6245901639344261	14.976316110711352	0.742	0.14	
_D:	2018-02-22 21:30:00	0.24519167870404107	0.9302007896300696	0.8954728283783886	0.8059432006343621	0.0031007751937984496	0.0031007751937984496	0.46944444444444383	0.6245901639344261	14.976316110711352	0.742	0.14	
_D:	2018-02-22 22:00:00	0.3048053624182524	0.9603249433382144	0.8954728283783886	0.8059432006343621	0.0031007751937984496	0.0031007751937984496	0.4944444444444432	0.660655737704918	14.960526637027137	0.22699999999999998	0.14	
_D:	2018-02-22 22:30:00	0.36790229906435723	0.9822345875271883	0.8954728283783886	0.8059432006343621	0.0031007751937984496	0.0031007751937984496	0.4944444444444432	0.660655737704918	14.960526637027137	0.22699999999999998	0.14	
_D:	2018-02-22 23:00:00	0.4333565223131109	0.9955387440773901	0.8954728283783886	0.8059432006343621	0.0031007751937984496	0.0031007751937984496	0.5	0.6868852459016395	14.950000321237667	0.23399999999999999	0.12666666666666665	
_D:	2018-02-22 23:30:00	0.4999999999999999	1.0	0.8954728283783886	0.8059432006343621	0.0031007751937984496	0.0031007751937984496	0.5	0.6868852459016395	14.950000321237667	0.23399999999999999	0.12666666666666665	
_D:	2018-02-23 00:00:00	0.5	1.0	0.9006805440873382	0.7990904572029582	0.0031007751937984496	0.0031007751937984496	0.5027777777777784	0.7180327868852459	14.928947689658715	0.266	0.14	
_D:	2018-02-23 00:30:00	0.5666434776868894	0.9955387440773901	0.9006805440873382	0.7990904572029582	0.0031007751937984496	0.0031007751937984496	0.5027777777777784	0.7180327868852459	14.928947689658715	0.266	0.14	
_D:	2018-02-23 01:00:00	0.632097700935643	0.9822345875271883	0.9006805440873382	0.7990904572029582	0.0031007751937984496	0.0031007751937984496	0.5055555555555569	0.7213114754098361	14.93947400544819	0.281	0.12000000000000001	
_D:	2018-02-23 01:30:00	0.6951946375817474	0.9603249433382144	0.9006805440873382	0.7990904572029582	0.0031007751937984496	0.0031007751937984496	0.5055555555555569	0.7213114754098361	14.93947400544819	0.281	0.12000000000000001	
_D:	2018-02-23 02:00:00	0.7548083212959587	0.9302007896300697	0.9006805440873382	0.7990904572029582	0.0031007751937984496	0.0031007751937984496	0.5027777777777784	0.7491803278688525	14.923684531763982	0.289	0.12666666666666665	
_D:	2018-02-23 02:30:00	0.8098749444801224	0.8923996926393305	0.9006805440873382	0.7990904572029582	0.0031007751937984496	0.0031007751937984496	0.5027777777777784	0.7491803278688525	14.923684531763982	0.289	0.12666666666666665	
_D:	2018-02-23 03:00:00	0.8594118419389647	0.8475962138373212	0.9006805440873382	0.7990904572029582	0.0031007751937984496	0.0031007751937984496	0.4944444444444432	0.7639344262295081	14.913158215974507	0.195	0.12000000000000001	
_D:	2018-02-23 03:30:00	0.9025350265637815	0.7965898723646776	0.9006805440873382	0.7990904572029582	0.0031007751937984496	0.0031007751937984496	0.4944444444444432	0.7639344262295081	14.913158215974507	0.195	0.12000000000000001	
_D:	2018-02-23 04:00:00	0.9384749641033358	0.7402908775933419	0.9006805440873382	0.7990904572029582	0.0031007751937984496	0.0031007751937984496	0.4861111111111111	0.780327868852459	14.913158215974507	0.36700000000000005	0.10666666666666667	
_D:	2018-02-23 04:30:00	0.9665903055208013	0.6797038864187566	0.9006805440873382	0.7990904572029582	0.0031007751937984496	0.0031007751937984496	0.4861111111111111	0.780327868852459	14.913158215974507	0.36700000000000005	0.10666666666666667	
_D:	2018-02-23 05:00:00	0.9863793318825186	0.6159100751337642	0.9006805440873382	0.7990904572029582	0.0031007751937984496	0.0031007751937984496	0.4833333333333327	0.8114754098360656	14.913158215974507	0.648	0.10666666666666667	
_D:	2018-02-23 05:30:00	0.997488907544252	0.5500478458120492	0.9006805440873382	0.7990904572029582	0.0031007751937984496	0.0031007751937984496	0.4833333333333327	0.8114754098360656	14.913158215974507	0.648	0.10666666666666667	
_D:	2018-02-23 06:00:00	0.9997207818651273	0.48329251149616276	0.9006805440873382	0.7990904572029582	0.0031007751937984496	0.0031007751937984496	0.48888888888888954	0.7688524590163935	14.918421373869238	0.43799999999999994	0.1	
_D:	2018-02-23 06:30:00	0.9930351269950143	0.4168353227084351	0.9006805440873382	0.7990904572029582	0.0031007751937984496	0.0031007751937984496	0.48888888888888954	0.7688524590163935	14.918421373869238	0.43799999999999994	0.1	
_D:	2018-02-23 07:00:00	0.9775512486034562	0.35186220955718295	0.9006805440873382	0.7990904572029582	0.0015503875968992248	0.0031007751937984496	0.5083333333333321	0.8049180327868851	14.876316110711347	0.898	0.12666666666666665	
_D:	2018-02-23 07:30:00	0.9535454568671704	0.2895326187858326	0.9006805440873382	0.7990904572029582	0.0031007751937984496	0.0	0.5083333333333321	0.8049180327868851	14.876316110711347	0.898	0.12666666666666665	
_D:	2018-02-23 08:00:00	0.9214461357083985	0.2309588234183137	0.9006805440873382	0.7990904572029582	0.351937984496124	0.037209302325581395	0.5083333333333321	0.8049180327868851	14.876316110711347	0.898	0.12666666666666665	
_D:	2018-02-23 08:30:00	0.8818260982736661	0.1771860742205988	0.9006805440873382	0.7990904572029582	0.5674418604651162	0.09302325581395349	0.5083333333333321	0.8049180327868851	14.876316110711347	0.898	0.12666666666666665	
_D:	2018-02-23 09:00:00	0.8353923650696119	0.12917394717602138	0.9006805440873382	0.7990904572029582	0.6403100775193798	0.22170542635658916	0.5083333333333321	0.8049180327868851	14.876316110711347	0.898	0.12666666666666665	
_D:	2018-02-23 09:30:00	0.7829735471652975	0.08777921982911979	0.9006805440873382	0.7990904572029582	0.7069767441860465	0.22325581395348837	0.5083333333333321	0.8049180327868851	14.876316110711347	0.898	0.12666666666666665	
_D:	2018-02-23 10:00:00	0.725505059608051	0.05374058207005944	0.9006805440873382	0.7990904572029582	0.7674418604651163	0.23410852713178296	0.5083333333333321	0.8049180327868851	14.876316110711347	0.898	0.12666666666666665	
_D:	2018-02-23 10:30:00	0.6640124289197844	0.02766545419604055	0.9006805440873382	0.7990904572029582	0.8031007751937984	0.3085271317829457	0.5083333333333321	0.8049180327868851	14.876316110711347	0.898	0.12666666666666665	
_D:	2018-02-23 11:00:00	0.5995929925519181	0.010019147481706625	0.9006805440873382	0.7990904572029582	0.8201550387596899	0.4434108527131783	0.5083333333333321	0.8049180327868851	14.876316110711347	0.898	0.12666666666666665	
_D:	2018-02-23 11:30:00	0.5333963168725606	0.001116560688423418	0.9006805440873382	0.7990904572029582	0.827906976744186	0.35968992248062015	0.5083333333333321	0.8049180327868851	14.876316110711347	0.898	0.12666666666666665	
_D:	2018-02-23 12:00:00	0.4666036831274393	0.001116560688423418	0.9006805440873382	0.7990904572029582	0.8310077519379845	0.31007751937984496	0.5083333333333321	0.8049180327868851	14.876316110711347	0.898	0.12666666666666665	
_D:	2018-02-23 12:30:00	0.400407007448082	0.01001914748170657	0.9006805440873382	0.7990904572029582	0.8248062015503876	0.21085271317829457	0.5083333333333321	0.8049180327868851	14.876316110711347	0.898	0.12666666666666665	
_D:	2018-02-23 13:00:00	0.33598757108021565	0.02766545419604055	0.9006805440873382	0.7990904572029582	0.8	0.11317829457364341	0.5722222222222229	0.39999999999999997	15.118421373869243	0.38299999999999995	0.39333333333333337	
_D:	2018-02-23 13:30:00	0.2744949403919492	0.05374058207005927	0.9006805440873382	0.7990904572029582	0.7627906976744186	0.13643410852713178	0.5722222222222229	0.39999999999999997	15.118421373869243	0.38299999999999995	0.39333333333333337	
_D:	2018-02-23 14:00:00	0.2170264528347024	0.08777921982911985	0.9006805440873382	0.7990904572029582	0.7178294573643411	0.11937984496124031	0.5722222222222229	0.39999999999999997	15.118421373869243	0.38299999999999995	0.39333333333333337	
_D:	2018-02-23 14:30:00	0.16460763493038838	0.12917394717602115	0.9006805440873382	0.7990904572029582	0.6542635658914728	0.11937984496124031	0.5722222222222229	0.39999999999999997	15.118421373869243	0.38299999999999995	0.39333333333333337	
_D:	2018-02-23 15:00:00	0.11817390172633407	0.17718607422059873	0.9006805440873382	0.7990904572029582	0.5782945736434109	0.11472868217054263	0.5722222222222229	0.39999999999999997	15.118421373869243	0.38299999999999995	0.39333333333333337	
_D:	2018-02-23 15:30:00	0.0785538642916015	0.23095882341831359	0.9006805440873382	0.7990904572029582	0.4945736434108527	0.07596899224806201	0.5722222222222229	0.39999999999999997	15.118421373869243	0.38299999999999995	0.39333333333333337	
_D:	2018-02-23 16:00:00	0.04645454313282965	0.2895326187858325	0.9006805440873382	0.7990904572029582	0.3937984496124031	0.08217054263565891	0.5722222222222229	0.39999999999999997	15.118421373869243	0.38299999999999995	0.39333333333333337	
_D:	2018-02-24 05:30:00	0.997488907544252	0.5500478458120492	0.9057695295036805	0.7921490868141843	0.0031007751937984496	0.0031007751937984496	0.6222222222222216	0.7344262295081967	14.892105584395555	0.031	0.14666666666666667	
_D:	2018-02-24 06:00:00	0.9997207818651273	0.48329251149616276	0.9057695295036805	0.7921490868141843	0.0031007751937984496	0.0031007751937984496	0.6222222222222216	0.7344262295081967	14.892105584395555	0.031	0.14666666666666667	
_D:	2018-02-24 06:30:00	0.9930351269950143	0.4168353227084351	0.9057695295036805	0.7921490868141843	0.0031007751937984496	0.0031007751937984496	0.6222222222222216	0.7344262295081967	14.892105584395555	0.031	0.14666666666666667	
_D:	2018-02-24 07:00:00	0.9775512486034562	0.35186220955718295	0.9057695295036805	0.7921490868141843	0.004651162790697674	0.006201550387596899	0.6333333333333321	0.777049180327869	14.934210847553453	0.42200000000000004	0.10666666666666667	
_D:	2018-02-24 07:30:00	0.9535454568671704	0.2895326187858326	0.9057695295036805	0.7921490868141843	0.04806201550387597	0.021705426356589147	0.6333333333333321	0.777049180327869	14.934210847553453	0.42200000000000004	0.10666666666666667	
_D:	2018-02-24 08:00:00	0.9214461357083985	0.2309588234183137	0.9057695295036805	0.7921490868141843	0.14108527131782947	0.03875968992248062	0.6333333333333321	0.777049180327869	14.934210847553453	0.42200000000000004	0.10666666666666667	
_D:	2018-02-24 08:30:00	0.8818260982736661	0.1771860742205988	0.9057695295036805	0.7921490868141843	0.22945736434108527	0.04961240310077519	0.6333333333333321	0.777049180327869	14.934210847553453	0.42200000000000004	0.10666666666666667	
_D:	2018-02-24 09:00:00	0.8353923650696119	0.12917394717602138	0.9057695295036805	0.7921490868141843	0.24651162790697675	0.06201550387596899	0.6333333333333321	0.777049180327869	14.934210847553453	0.42200000000000004	0.10666666666666667	
_D:	2018-02-24 09:30:00	0.7829735471652975	0.08777921982911979	0.9057695295036805	0.7921490868141843	0.18604651162790697	0.07751937984496124	0.6333333333333321	0.777049180327869	14.934210847553453	0.42200000000000004	0.10666666666666667	
_D:	2018-02-24 10:00:00	0.725505059608051	0.05374058207005944	0.9057695295036805	0.7921490868141843	0.3550387596899225	0.08527131782945736	0.6333333333333321	0.777049180327869	14.934210847553453	0.42200000000000004	0.10666666666666667	
_D:	2018-02-24 10:30:00	0.6640124289197844	0.02766545419604055	0.9057695295036805	0.7921490868141843	0.4449612403100775	0.024806201550387597	0.6333333333333321	0.777049180327869	14.934210847553453	0.42200000000000004	0.10666666666666667	
_D:	2018-02-24 11:00:00	0.5995929925519181	0.010019147481706625	0.9057695295036805	0.7921490868141843	0.35038759689922483	0.027906976744186046	0.6333333333333321	0.777049180327869	14.934210847553453	0.42200000000000004	0.10666666666666667	
_D:	2018-02-24 11:30:00	0.5333963168725606	0.001116560688423418	0.9057695295036805	0.7921490868141843	0.6759689922480621	0.08992248062015504	0.6333333333333321	0.777049180327869	14.934210847553453	0.42200000000000004	0.10666666666666667	
_D:	2018-02-24 12:00:00	0.4666036831274393	0.001116560688423418	0.9057695295036805	0.7921490868141843	0.40930232558139534	0.16279069767441862	0.6333333333333321	0.777049180327869	14.934210847553453	0.42200000000000004	0.10666666666666667	
_D:	2018-02-24 12:30:00	0.400407007448082	0.01001914748170657	0.9057695295036805	0.7921490868141843	0.4806201550387597	0.13178294573643412	0.6333333333333321	0.777049180327869	14.934210847553453	0.42200000000000004	0.10666666666666667	
_D:	2018-02-24 13:00:00	0.33598757108021565	0.02766545419604055	0.9057695295036805	0.7921490868141843	0.3705426356589147	0.07286821705426356	0.6861111111111123	0.29180327868852457	15.165789794921873	0.898	0.19333333333333333	
_D:	2018-02-24 13:30:00	0.2744949403919492	0.05374058207005927	0.9057695295036805	0.7921490868141843	0.4294573643410853	0.06976744186046512	0.6861111111111123	0.29180327868852457	15.165789794921873	0.898	0.19333333333333333	
_D:	2018-02-24 14:00:00	0.2170264528347024	0.08777921982911985	0.9057695295036805	0.7921490868141843	0.4372093023255814	0.08682170542635659	0.6861111111111123	0.29180327868852457	15.165789794921873	0.898	0.19333333333333333	
_D:	2018-02-24 14:30:00	0.16460763493038838	0.12917394717602115	0.9057695295036805	0.7921490868141843	0.43410852713178294	0.05581395348837209	0.6861111111111123	0.29180327868852457	15.165789794921873	0.898	0.19333333333333333	
_D:	2018-02-24 15:00:00	0.11817390172633407	0.17718607422059873	0.9057695295036805	0.7921490868141843	0.4387596899224806	0.14883720930232558	0.6861111111111123	0.29180327868852457	15.165789794921873	0.898	0.19333333333333333	
_D:	2018-02-24 15:30:00	0.0785538642916015	0.23095882341831359	0.9057695295036805	0.7921490868141843	0.3581395348837209	0.09457364341085271	0.6861111111111123	0.29180327868852457	15.165789794921873	0.898	0.19333333333333333	
_D:	2018-02-24 16:00:00	0.04645454313282965	0.2895326187858325	0.9057695295036805	0.7921490868141843	0.34728682170542635	0.10387596899224806	0.6861111111111123	0.29180327868852457	15.165789794921873	0.898	0.19333333333333333	
_D:	2018-02-24 16:30:00	0.022448751396543787	0.35186220955718295	0.9057695295036805	0.7921490868141843	0.30077519379844964	0.06201550387596899	0.6861111111111123	0.29180327868852457	15.165789794921873	0.898	0.19333333333333333	
_D:	2018-02-24 17:00:00	0.006964873004985717	0.416835322708435	0.9057695295036805	0.7921490868141843	0.23565891472868217	0.03565891472868217	0.6861111111111123	0.29180327868852457	15.165789794921873	0.898	0.19333333333333333	
_D:	2018-02-24 17:30:00	0.0002792181348726941	0.4832925114961627	0.9057695295036805	0.7921490868141843	0.17054263565891473	0.018604651162790697	0.6861111111111123	0.29180327868852457	15.165789794921873	0.898	0.19333333333333333	
_D:	2018-02-24 18:00:00	0.002511092455747932	0.5500478458120488	0.9057695295036805	0.7921490868141843	0.09922480620155039	0.007751937984496124	0.6861111111111123	0.29180327868852457	15.165789794921873	0.898	0.19333333333333333	
_D:	2018-02-24 18:30:00	0.013620668117481416	0.6159100751337642	0.9057695295036805	0.7921490868141843	0.07131782945736434	0.004651162790697674	0.6861111111111123	0.29180327868852457	15.165789794921873	0.898	0.19333333333333333	
_D:	2018-02-24 19:00:00	0.033409694479198726	0.6797038864187566	0.9057695295036805	0.7921490868141843	0.040310077519379844	0.0015503875968992248	0.6694444444444451	0.4819672131147542	15.107895058079771	0.32799999999999996	0.2	
_D:	2018-02-24 19:30:00	0.061525035896664304	0.740290877593342	0.9057695295036805	0.7921490868141843	0.006201550387596899	0.0031007751937984496	0.6694444444444451	0.4819672131147542	15.107895058079771	0.32799999999999996	0.2	
_D:	2018-02-24 20:00:00	0.09746497343621835	0.7965898723646774	0.9057695295036805	0.7921490868141843	0.0031007751937984496	0.0031007751937984496	0.6694444444444451	0.4819672131147542	15.107895058079771	0.32799999999999996	0.2	
_D:	2018-02-24 20:30:00	0.14058815806103514	0.847596213837321	0.9057695295036805	0.7921490868141843	0.0031007751937984496	0.0031007751937984496	0.6694444444444451	0.4819672131147542	15.107895058079771	0.32799999999999996	0.2	
_D:	2018-02-24 21:00:00	0.19012505551987768	0.8923996926393306	0.9057695295036805	0.7921490868141843	0.0031007751937984496	0.0031007751937984496	0.6694444444444451	0.4819672131147542	15.107895058079771	0.32799999999999996	0.2	
_D:	2018-02-24 21:30:00	0.24519167870404107	0.9302007896300696	0.9057695295036805	0.7921490868141843	0.0031007751937984496	0.0031007751937984496	0.6694444444444451	0.4819672131147542	15.107895058079771	0.32799999999999996	0.2	
_D:	2018-02-24 22:00:00	0.3048053624182524	0.9603249433382144	0.9057695295036805	0.7921490868141843	0.0031007751937984496	0.0031007751937984496	0.6694444444444451	0.4819672131147542	15.107895058079771	0.32799999999999996	0.2	
_D:	2018-02-24 22:30:00	0.36790229906435723	0.9822345875271883	0.9057695295036805	0.7921490868141843	0.0031007751937984496	0.0031007751937984496	0.6694444444444451	0.4819672131147542	15.107895058079771	0.32799999999999996	0.2	
_D:	2018-02-24 23:00:00	0.4333565223131109	0.9955387440773901	0.9057695295036805	0.7921490868141843	0.0031007751937984496	0.0031007751937984496	0.6694444444444451	0.4819672131147542	15.107895058079771	0.32799999999999996	0.2	
_D:	2018-02-24 23:30:00	0.4999999999999999	1.0	0.9057695295036805	0.7921490868141843	0.0031007751937984496	0.0031007751937984496	0.6694444444444451	0.4819672131147542	15.107895058079771	0.32799999999999996	0.2	
_D:	2018-02-25 00:00:00	0.5	1.0	0.9107382766512071	0.7851211463458936	0.0031007751937984496	0.0031007751937984496	0.6694444444444451	0.4819672131147542	15.107895058079771	0.32799999999999996	0.2	
_D:	2018-02-25 00:30:00	0.5666434776868894	0.9955387440773901	0.9107382766512071	0.7851211463458936	0.0031007751937984496	0.0031007751937984496	0.6694444444444451	0.4819672131147542	15.107895058079771	0.32799999999999996	0.2	
_D:	2018-02-25 01:00:00	0.632097700935643	0.9822345875271883	0.9107382766512071	0.7851211463458936	0.0031007751937984496	0.0031007751937984496	0.7138888888888901	0.8163934426229508	14.986842426500822	0.11699999999999999	0.060000000000000005	
_D:	2018-02-25 01:30:00	0.6951946375817474	0.9603249433382144	0.9107382766512071	0.7851211463458936	0.0031007751937984496	0.0031007751937984496	0.7138888888888901	0.8163934426229508	14.986842426500822	0.11699999999999999	0.060000000000000005	
_D:	2018-02-25 02:00:00	0.7548083212959587	0.9302007896300697	0.9107382766512071	0.7851211463458936	0.0031007751937984496	0.0031007751937984496	0.7138888888888901	0.8163934426229508	14.986842426500822	0.11699999999999999	0.060000000000000005	
_D:	2018-02-25 02:30:00	0.8098749444801224	0.8923996926393305	0.9107382766512071	0.7851211463458936	0.0031007751937984496	0.0031007751937984496	0.7138888888888901	0.8163934426229508	14.986842426500822	0.11699999999999999	0.060000000000000005	
_D:	2018-02-25 03:00:00	0.8594118419389647	0.8475962138373212	0.9107382766512071	0.7851211463458936	0.0031007751937984496	0.0031007751937984496	0.7138888888888901	0.8163934426229508	14.986842426500822	0.11699999999999999	0.060000000000000005	
_D:	2018-02-25 03:30:00	0.9025350265637815	0.7965898723646776	0.9107382766512071	0.7851211463458936	0.0031007751937984496	0.0031007751937984496	0.7138888888888901	0.8163934426229508	14.986842426500822	0.11699999999999999	0.060000000000000005	
_D:	2018-02-25 04:00:00	0.9384749641033358	0.7402908775933419	0.9107382766512071	0.7851211463458936	0.0031007751937984496	0.0031007751937984496	0.7138888888888901	0.8163934426229508	14.986842426500822	0.11699999999999999	0.060000000000000005	
_D:	2018-02-25 04:30:00	0.9665903055208013	0.6797038864187566	0.9107382766512071	0.7851211463458936	0.0031007751937984496	0.0031007751937984496	0.7138888888888901	0.8163934426229508	14.986842426500822	0.11699999999999999	0.060000000000000005	
_D:	2018-02-25 05:00:00	0.9863793318825186	0.6159100751337642	0.9107382766512071	0.7851211463458936	0.0031007751937984496	0.0031007751937984496	0.7138888888888901	0.8163934426229508	14.986842426500822	0.11699999999999999	0.060000000000000005	
_D:	2018-02-25 05:30:00	0.997488907544252	0.5500478458120492	0.9107382766512071	0.7851211463458936	0.0031007751937984496	0.0031007751937984496	0.7138888888888901	0.8163934426229508	14.986842426500822	0.11699999999999999	0.060000000000000005	
_D:	2018-02-25 06:00:00	0.9997207818651273	0.48329251149616276	0.9107382766512071	0.7851211463458936	0.0031007751937984496	0.0031007751937984496	0.7138888888888901	0.8163934426229508	14.986842426500822	0.11699999999999999	0.060000000000000005	
_D:	2018-02-25 06:30:00	0.9930351269950143	0.4168353227084351	0.9107382766512071	0.7851211463458936	0.0031007751937984496	0.0031007751937984496	0.7138888888888901	0.8163934426229508	14.986842426500822	0.11699999999999999	0.060000000000000005	
_D:	2018-02-25 07:00:00	0.9775512486034562	0.35186220955718295	0.9107382766512071	0.7851211463458936	0.0031007751937984496	0.0031007751937984496	0.7027777777777765	0.8180327868852459	14.892105584395555	0.102	0.10666666666666667	
_D:	2018-02-25 07:30:00	0.9535454568671704	0.2895326187858326	0.9107382766512071	0.7851211463458936	0.06976744186046512	0.0015503875968992248	0.7027777777777765	0.8180327868852459	14.892105584395555	0.102	0.10666666666666667	
_D:	2018-02-25 08:00:00	0.9214461357083985	0.2309588234183137	0.9107382766512071	0.7851211463458936	0.17054263565891473	0.0031007751937984496	0.7027777777777765	0.8180327868852459	14.892105584395555	0.102	0.10666666666666667	
_D:	2018-02-25 08:30:00	0.8818260982736661	0.1771860742205988	0.9107382766512071	0.7851211463458936	0.08527131782945736	0.03875968992248062	0.7027777777777765	0.8180327868852459	14.892105584395555	0.102	0.10666666666666667	
_D:	2018-02-25 09:00:00	0.8353923650696119	0.12917394717602138	0.9107382766512071	0.7851211463458936	0.07906976744186046	0.04961240310077519	0.7027777777777765	0.8180327868852459	14.892105584395555	0.102	0.10666666666666667	
_D:	2018-02-25 09:30:00	0.7829735471652975	0.08777921982911979	0.9107382766512071	0.7851211463458936	0.17364341085271318	0.010852713178294573	0.7027777777777765	0.8180327868852459	14.892105584395555	0.102	0.10666666666666667	
_D:	2018-02-25 10:00:00	0.725505059608051	0.05374058207005944	0.9107382766512071	0.7851211463458936	0.29147286821705426	0.03255813953488372	0.7027777777777765	0.8180327868852459	14.892105584395555	0.102	0.10666666666666667	
_D:	2018-02-25 10:30:00	0.6640124289197844	0.02766545419604055	0.9107382766512071	0.7851211463458936	0.44651162790697674	0.040310077519379844	0.7027777777777765	0.8180327868852459	14.892105584395555	0.102	0.10666666666666667	
_D:	2018-02-25 11:00:00	0.5995929925519181	0.010019147481706625	0.9107382766512071	0.7851211463458936	0.5720930232558139	0.004651162790697674	0.7027777777777765	0.8180327868852459	14.892105584395555	0.102	0.10666666666666667	
_D:	2018-02-25 11:30:00	0.5333963168725606	0.001116560688423418	0.9107382766512071	0.7851211463458936	0.6449612403100775	0.0015503875968992248	0.7027777777777765	0.8180327868852459	14.892105584395555	0.102	0.10666666666666667	
_D:	2018-02-25 12:00:00	0.4666036831274393	0.001116560688423418	0.9107382766512071	0.7851211463458936	0.4806201550387597	0.03255813953488372	0.7027777777777765	0.8180327868852459	14.892105584395555	0.102	0.10666666666666667	
_D:	2018-02-25 12:30:00	0.400407007448082	0.01001914748170657	0.9107382766512071	0.7851211463458936	0.23565891472868217	0.09457364341085271	0.7027777777777765	0.8180327868852459	14.892105584395555	0.102	0.10666666666666667	
_D:	2018-02-25 13:00:00	0.33598757108021565	0.02766545419604055	0.9107382766512071	0.7851211463458936	0.3922480620155039	0.11627906976744186	0.6861111111111123	0.3885245901639345	15.18157926860608	0.523	0.18666666666666665	
_D:	2018-02-25 13:30:00	0.2744949403919492	0.05374058207005927	0.9107382766512071	0.7851211463458936	0.4992248062015504	0.15813953488372093	0.6861111111111123	0.3885245901639345	15.18157926860608	0.523	0.18666666666666665	
_D:	2018-02-25 14:00:00	0.2170264528347024	0.08777921982911985	0.9107382766512071	0.7851211463458936	0.6527131782945736	0.11627906976744186	0.6861111111111123	0.3885245901639345	15.18157926860608	0.523	0.18666666666666665	
_D:	2018-02-25 14:30:00	0.16460763493038838	0.12917394717602115	0.9107382766512071	0.7851211463458936	0.44031007751937984	0.12248062015503876	0.6861111111111123	0.3885245901639345	15.18157926860608	0.523	0.18666666666666665	
_D:	2018-02-25 15:00:00	0.11817390172633407	0.17718607422059873	0.9107382766512071	0.7851211463458936	0.4930232558139535	0.12248062015503876	0.6861111111111123	0.3885245901639345	15.18157926860608	0.523	0.18666666666666665	
_D:	2018-02-25 15:30:00	0.0785538642916015	0.23095882341831359	0.9107382766512071	0.7851211463458936	0.27596899224806204	0.09302325581395349	0.6861111111111123	0.3885245901639345	15.18157926860608	0.523	0.18666666666666665	
_D:	2018-02-25 16:00:00	0.04645454313282965	0.2895326187858325	0.9107382766512071	0.7851211463458936	0.12403100775193798	0.10697674418604651	0.6861111111111123	0.3885245901639345	15.18157926860608	0.523	0.18666666666666665	
_D:	2018-02-25 16:30:00	0.022448751396543787	0.35186220955718295	0.9107382766512071	0.7851211463458936	0.17054263565891473	0.08682170542635659	0.6861111111111123	0.3885245901639345	15.18157926860608	0.523	0.18666666666666665	
_D:	2018-02-25 17:00:00	0.006964873004985717	0.416835322708435	0.9107382766512071	0.7851211463458936	0.1875968992248062	0.04496124031007752	0.6861111111111123	0.3885245901639345	15.18157926860608	0.523	0.18666666666666665	
_D:	2018-02-25 17:30:00	0.0002792181348726941	0.4832925114961627	0.9107382766512071	0.7851211463458936	0.16589147286821707	0.05891472868217054	0.6861111111111123	0.3885245901639345	15.18157926860608	0.523	0.18666666666666665	
_D:	2018-02-25 18:00:00	0.002511092455747932	0.5500478458120488	0.9107382766512071	0.7851211463458936	0.09147286821705426	0.020155038759689922	0.6861111111111123	0.3885245901639345	15.18157926860608	0.523	0.18666666666666665	
_D:	2018-02-25 18:30:00	0.013620668117481416	0.6159100751337642	0.9107382766512071	0.7851211463458936	0.07906976744186046	0.046511627906976744	0.6861111111111123	0.3885245901639345	15.18157926860608	0.523	0.18666666666666665	
_D:	2018-02-25 19:00:00	0.033409694479198726	0.6797038864187566	0.9107382766512071	0.7851211463458936	0.023255813953488372	0.031007751937984496	0.6194444444444431	0.48360655737704916	15.150000321237664	0.172	0.18666666666666665	
_D:	2018-02-25 19:30:00	0.061525035896664304	0.740290877593342	0.9107382766512071	0.7851211463458936	0.0015503875968992248	0.0031007751937984496	0.6194444444444431	0.48360655737704916	15.150000321237664	0.172	0.18666666666666665	
_D:	2018-02-25 20:00:00	0.09746497343621835	0.7965898723646774	0.9107382766512071	0.7851211463458936	0.0031007751937984496	0.0031007751937984496	0.6194444444444431	0.48360655737704916	15.150000321237664	0.172	0.18666666666666665	
_D:	2018-02-25 20:30:00	0.14058815806103514	0.847596213837321	0.9107382766512071	0.7851211463458936	0.0031007751937984496	0.0031007751937984496	0.6194444444444431	0.48360655737704916	15.150000321237664	0.172	0.18666666666666665	
_D:	2018-02-25 21:00:00	0.19012505551987768	0.8923996926393306	0.9107382766512071	0.7851211463458936	0.0031007751937984496	0.0031007751937984496	0.6194444444444431	0.48360655737704916	15.150000321237664	0.172	0.18666666666666665	
_D:	2018-02-25 21:30:00	0.24519167870404107	0.9302007896300696	0.9107382766512071	0.7851211463458936	0.0031007751937984496	0.0031007751937984496	0.6194444444444431	0.48360655737704916	15.150000321237664	0.172	0.18666666666666665	
_D:	2018-02-25 22:00:00	0.3048053624182524	0.9603249433382144	0.9107382766512071	0.7851211463458936	0.0031007751937984496	0.0031007751937984496	0.6194444444444431	0.48360655737704916	15.150000321237664	0.172	0.18666666666666665	
_D:	2018-02-25 22:30:00	0.36790229906435723	0.9822345875271883	0.9107382766512071	0.7851211463458936	0.0031007751937984496	0.0031007751937984496	0.6194444444444431	0.48360655737704916	15.150000321237664	0.172	0.18666666666666665	
_D:	2018-02-25 23:00:00	0.4333565223131109	0.9955387440773901	0.9107382766512071	0.7851211463458936	0.0031007751937984496	0.0031007751937984496	0.6194444444444431	0.48360655737704916	15.150000321237664	0.172	0.18666666666666665	
_D:	2018-02-25 23:30:00	0.4999999999999999	1.0	0.9107382766512071	0.7851211463458936	0.0031007751937984496	0.0031007751937984496	0.6194444444444431	0.48360655737704916	15.150000321237664	0.172	0.18666666666666665	
_D:	2018-02-26 00:00:00	0.5	1.0	0.9155853131829039	0.7780087183285223	0.0031007751937984496	0.0031007751937984496	0.6194444444444431	0.48360655737704916	15.150000321237664	0.172	0.18666666666666665	
_D:	2018-02-26 00:30:00	0.5666434776868894	0.9955387440773901	0.9155853131829039	0.7780087183285223	0.0031007751937984496	0.0031007751937984496	0.6194444444444431	0.48360655737704916	15.150000321237664	0.172	0.18666666666666665	
_D:	2018-02-26 01:00:00	0.632097700935643	0.9822345875271883	0.9155853131829039	0.7780087183285223	0.0031007751937984496	0.0031007751937984496	0.6388888888888888	0.7426229508196721	14.997368742290291	0.133	0.15333333333333332	
_D:	2018-02-26 01:30:00	0.6951946375817474	0.9603249433382144	0.9155853131829039	0.7780087183285223	0.0031007751937984496	0.0031007751937984496	0.6388888888888888	0.7426229508196721	14.997368742290291	0.133	0.15333333333333332	
_D:	2018-02-26 02:00:00	0.7548083212959587	0.9302007896300697	0.9155853131829039	0.7780087183285223	0.0031007751937984496	0.0031007751937984496	0.6388888888888888	0.7426229508196721	14.997368742290291	0.133	0.15333333333333332	
_D:	2018-02-26 02:30:00	0.8098749444801224	0.8923996926393305	0.9155853131829039	0.7780087183285223	0.0031007751937984496	0.0031007751937984496	0.6388888888888888	0.7426229508196721	14.997368742290291	0.133	0.15333333333333332	
_D:	2018-02-26 03:00:00	0.8594118419389647	0.8475962138373212	0.9155853131829039	0.7780087183285223	0.0031007751937984496	0.0031007751937984496	0.6388888888888888	0.7426229508196721	14.997368742290291	0.133	0.15333333333333332	
_D:	2018-02-26 03:30:00	0.9025350265637815	0.7965898723646776	0.9155853131829039	0.7780087183285223	0.0031007751937984496	0.0031007751937984496	0.6388888888888888	0.7426229508196721	14.997368742290291	0.133	0.15333333333333332	
_D:	2018-02-26 04:00:00	0.9384749641033358	0.7402908775933419	0.9155853131829039	0.7780087183285223	0.0031007751937984496	0.0031007751937984496	0.6388888888888888	0.7426229508196721	14.997368742290291	0.133	0.15333333333333332	
_D:	2018-02-26 04:30:00	0.9665903055208013	0.6797038864187566	0.9155853131829039	0.7780087183285223	0.0031007751937984496	0.0031007751937984496	0.6388888888888888	0.7426229508196721	14.997368742290291	0.133	0.15333333333333332	
_D:	2018-02-26 05:00:00	0.9863793318825186	0.6159100751337642	0.9155853131829039	0.7780087183285223	0.0031007751937984496	0.0031007751937984496	0.6388888888888888	0.7426229508196721	14.997368742290291	0.133	0.15333333333333332	
_D:	2018-02-26 05:30:00	0.997488907544252	0.5500478458120492	0.9155853131829039	0.7780087183285223	0.0031007751937984496	0.0031007751937984496	0.6388888888888888	0.7426229508196721	14.997368742290291	0.133	0.15333333333333332	
_D:	2018-02-26 06:00:00	0.9997207818651273	0.48329251149616276	0.9155853131829039	0.7780087183285223	0.0031007751937984496	0.0031007751937984496	0.6388888888888888	0.7426229508196721	14.997368742290291	0.133	0.15333333333333332	
_D:	2018-02-26 06:30:00	0.9930351269950143	0.4168353227084351	0.9155853131829039	0.7780087183285223	0.0031007751937984496	0.0031007751937984496	0.6388888888888888	0.7426229508196721	14.997368742290291	0.133	0.15333333333333332	
_D:	2018-02-26 07:00:00	0.9775512486034562	0.35186220955718295	0.9155853131829039	0.7780087183285223	0.004651162790697674	0.0031007751937984496	0.5750000000000013	0.8081967213114754	14.897368742290299	0.0	0.13333333333333333	
_D:	2018-02-26 07:30:00	0.9535454568671704	0.2895326187858326	0.9155853131829039	0.7780087183285223	0.027906976744186046	0.02635658914728682	0.5750000000000013	0.8081967213114754	14.897368742290299	0.0	0.13333333333333333	
_D:	2018-02-26 08:00:00	0.9214461357083985	0.2309588234183137	0.9155853131829039	0.7780087183285223	0.037209302325581395	0.08682170542635659	0.5750000000000013	0.8081967213114754	14.897368742290299	0.0	0.13333333333333333	
_D:	2018-02-26 08:30:00	0.8818260982736661	0.1771860742205988	0.9155853131829039	0.7780087183285223	0.03875968992248062	0.21550387596899226	0.5750000000000013	0.8081967213114754	14.897368742290299	0.0	0.13333333333333333	
_D:	2018-02-26 09:00:00	0.8353923650696119	0.12917394717602138	0.9155853131829039	0.7780087183285223	0.07906976744186046	0.17674418604651163	0.5750000000000013	0.8081967213114754	14.897368742290299	0.0	0.13333333333333333	
_D:	2018-02-26 09:30:00	0.7829735471652975	0.08777921982911979	0.9155853131829039	0.7780087183285223	0.14573643410852713	0.5286821705426357	0.5750000000000013	0.8081967213114754	14.897368742290299	0.0	0.13333333333333333	
_D:	2018-02-26 10:00:00	0.725505059608051	0.05374058207005944	0.9155853131829039	0.7780087183285223	0.2124031007751938	0.43410852713178294	0.5750000000000013	0.8081967213114754	14.897368742290299	0.0	0.13333333333333333	
_D:	2018-02-26 10:30:00	0.6640124289197844	0.02766545419604055	0.9155853131829039	0.7780087183285223	0.32558139534883723	0.48992248062015503	0.5750000000000013	0.8081967213114754	14.897368742290299	0.0	0.13333333333333333	
_D:	2018-02-26 11:00:00	0.5995929925519181	0.010019147481706625	0.9155853131829039	0.7780087183285223	0.3875968992248062	0.751937984496124	0.5750000000000013	0.8081967213114754	14.897368742290299	0.0	0.13333333333333333	
_D:	2018-02-26 11:30:00	0.5333963168725606	0.001116560688423418	0.9155853131829039	0.7780087183285223	0.1875968992248062	0.5565891472868217	0.5750000000000013	0.8081967213114754	14.897368742290299	0.0	0.13333333333333333	
_D:	2018-02-26 12:00:00	0.4666036831274393	0.001116560688423418	0.9155853131829039	0.7780087183285223	0.034108527131782945	0.7441860465116279	0.5750000000000013	0.8081967213114754	14.897368742290299	0.0	0.13333333333333333	
_D:	2018-02-26 12:30:00	0.400407007448082	0.01001914748170657	0.9155853131829039	0.7780087183285223	0.30077519379844964	0.8232558139534883	0.5750000000000013	0.8081967213114754	14.897368742290299	0.0	0.13333333333333333	
_D:	2018-02-26 13:00:00	0.33598757108021565	0.02766545419604055	0.9155853131829039	0.7780087183285223	0.22015503875968992	0.8775193798449612	0.5194444444444457	0.37540983606557377	15.21842137386924	0.484	0.4066666666666666	
_D:	2018-02-26 13:30:00	0.2744949403919492	0.05374058207005927	0.9155853131829039	0.7780087183285223	0.22945736434108527	0.6573643410852713	0.5194444444444457	0.37540983606557377	15.21842137386924	0.484	0.4066666666666666	
_D:	2018-02-26 14:00:00	0.2170264528347024	0.08777921982911985	0.9155853131829039	0.7780087183285223	0.14108527131782947	0.6821705426356589	0.5194444444444457	0.37540983606557377	15.21842137386924	0.484	0.4066666666666666	
_D:	2018-02-26 14:30:00	0.16460763493038838	0.12917394717602115	0.9155853131829039	0.7780087183285223	0.2310077519379845	0.7054263565891473	0.5194444444444457	0.37540983606557377	15.21842137386924	0.484	0.4066666666666666	
_D:	2018-02-26 15:00:00	0.11817390172633407	0.17718607422059873	0.9155853131829039	0.7780087183285223	0.17829457364341086	0.6139534883720931	0.5194444444444457	0.37540983606557377	15.21842137386924	0.484	0.4066666666666666	
_D:	2018-02-26 15:30:00	0.0785538642916015	0.23095882341831359	0.9155853131829039	0.7780087183285223	0.29457364341085274	0.16279069767441862	0.5194444444444457	0.37540983606557377	15.21842137386924	0.484	0.4066666666666666	