_H:	$Name	%Input[2:0,0]<2:11,1>	%Input[2:1,0]	%Input[2:2,0]	%Input[2:3,0]	%Input[2:4,0]	%Input[2:5,0]	%Input[2:6,0]	%Input[2:7,0]	%Input[2:8,0]	%Input[2:9,0]	%Input[2:10,0]
_D:	2017-12-25 17:00:00	0.00696487300499	0.416835322708	0.448449151276	0.997335409956	0.00425985090522	0.00851970181044	0.646808510638	0.786885245902	0.708333587646	0.5	0.19375	
_D:	2017-12-25 17:30:00	0.000279218134873	0.483292511496	0.448449151276	0.997335409956	0.0191693290735	0.0447284345048	0.646808510638	0.786885245902	0.708333587646	0.5	0.19375	
_D:	2017-12-25 18:00:00	0.00251109245575	0.550047845812	0.448449151276	0.997335409956	0.0372736954207	0.0575079872204	0.631914893617	0.796721311475	0.70416692098	0.938	0.21875	
_D:	2017-12-25 18:30:00	0.0136206681175	0.615910075134	0.448449151276	0.997335409956	0.0532481363152	0.0479233226837	0.631914893617	0.796721311475	0.70416692098	0.938	0.21875	
_D:	2017-12-25 19:00:00	0.0334096944792	0.679703886419	0.448449151276	0.997335409956	0.120340788072	0.121405750799	0.631914893617	0.796721311475	0.70416692098	0.938	0.21875	
_D:	2017-12-25 19:30:00	0.0615250358967	0.740290877593	0.448449151276	0.997335409956	0.160809371672	0.149094781683	0.631914893617	0.796721311475	0.70416692098	0.938	0.21875	
_D:	2017-12-25 20:00:00	0.0974649734362	0.796589872365	0.448449151276	0.997335409956	0.201277955272	0.240681576145	0.631914893617	0.796721311475	0.70416692098	0.938	0.21875	
_D:	2017-12-25 20:30:00	0.140588158061	0.847596213837	0.448449151276	0.997335409956	0.401490947817	0.37167199148	0.631914893617	0.796721311475	0.70416692098	0.938	0.21875	
_D:	2017-12-25 21:00:00	0.19012505552	0.892399692639	0.448449151276	0.997335409956	0.381256656017	0.457933972311	0.631914893617	0.796721311475	0.70416692098	0.938	0.21875	
_D:	2017-12-25 21:30:00	0.245191678704	0.93020078963	0.448449151276	0.997335409956	0.563365282215	0.718849840256	0.631914893617	0.796721311475	0.70416692098	0.938	0.21875	
_D:	2017-12-25 22:00:00	0.304805362418	0.960324943338	0.448449151276	0.997335409956	0.507987220447	0.779552715655	0.631914893617	0.796721311475	0.70416692098	0.938	0.21875	
_D:	2017-12-25 22:30:00	0.367902299064	0.982234587527	0.448449151276	0.997335409956	0.644302449414	0.780617678381	0.631914893617	0.796721311475	0.70416692098	0.938	0.21875	
_D:	2017-12-25 23:00:00	0.433356522313	0.995538744077	0.448449151276	0.997335409956	0.760383386581	0.897763578275	0.631914893617	0.796721311475	0.70416692098	0.938	0.21875	
_D:	2017-12-25 23:30:00	0.5	1.0	0.448449151276	0.997335409956	0.599574014909	0.897763578275	0.631914893617	0.796721311475	0.70416692098	0.938	0.21875	
_D:	2017-12-26 00:00:00	0.5	1.0	0.457017600631	0.998149087467	0.607028753994	0.92225772098	0.63829787234	0.327868852459	0.820833587646	1.0	0.23125	
_D:	2017-12-26 00:30:00	0.566643477687	0.995538744077	0.457017600631	0.998149087467	0.71458998935	0.931842385517	0.63829787234	0.327868852459	0.820833587646	1.0	0.23125	
_D:	2017-12-26 01:00:00	0.632097700936	0.982234587527	0.457017600631	0.998149087467	0.820021299255	0.843450479233	0.63829787234	0.327868852459	0.820833587646	1.0	0.23125	
_D:	2017-12-26 01:30:00	0.695194637582	0.960324943338	0.457017600631	0.998149087467	0.77529286475	0.936102236422	0.63829787234	0.327868852459	0.820833587646	1.0	0.23125	
_D:	2017-12-26 02:00:00	0.754808321296	0.93020078963	0.457017600631	0.998149087467	0.574014909478	0.833865814696	0.63829787234	0.327868852459	0.820833587646	1.0	0.23125	
_D:	2017-12-26 02:30:00	0.80987494448	0.892399692639	0.457017600631	0.998149087467	0.585729499468	0.75505857295	0.63829787234	0.327868852459	0.820833587646	1.0	0.23125	
_D:	2017-12-26 03:00:00	0.859411841939	0.847596213837	0.457017600631	0.998149087467	0.57933972311	0.769968051118	0.63829787234	0.327868852459	0.820833587646	1.0	0.23125	
_D:	2017-12-26 03:30:00	0.902535026564	0.796589872365	0.457017600631	0.998149087467	0.631522896699	0.586794462194	0.63829787234	0.327868852459	0.820833587646	1.0	0.23125	
_D:	2017-12-26 04:00:00	0.938474964103	0.740290877593	0.457017600631	0.998149087467	0.480298189563	0.526091586794	0.63829787234	0.327868852459	0.820833587646	1.0	0.23125	
_D:	2017-12-26 04:30:00	0.966590305521	0.679703886419	0.457017600631	0.998149087467	0.357827476038	0.466453674121	0.63829787234	0.327868852459	0.820833587646	1.0	0.23125	
_D:	2017-12-26 05:00:00	0.986379331883	0.615910075134	0.457017600631	0.998149087467	0.263045793397	0.319488817891	0.63829787234	0.327868852459	0.820833587646	1.0	0.23125	
_D:	2017-12-26 05:30:00	0.997488907544	0.550047845812	0.457017600631	0.998149087467	0.13844515442	0.184238551651	0.63829787234	0.327868852459	0.820833587646	1.0	0.23125	
_D:	2017-12-26 06:00:00	0.999720781865	0.483292511496	0.457017600631	0.998149087467	0.119275825346	0.0788072417465	0.606382978723	0.588524590164	0.775000254313	0.984	0.29375	
_D:	2017-12-26 06:30:00	0.993035126995	0.416835322708	0.457017600631	0.998149087467	0.0788072417465	0.0255591054313	0.606382978723	0.588524590164	0.775000254313	0.984	0.29375	
_D:	2017-12-26 07:00:00	0.977551248603	0.351862209557	0.457017600631	0.998149087467	0.0223642172524	0.00745473908413	0.606382978723	0.588524590164	0.775000254313	0.984	0.29375	
_D:	2017-12-26 07:30:00	0.953545456867	0.289532618786	0.457017600631	0.998149087467	0.0	0.0	0.606382978723	0.588524590164	0.775000254313	0.984	0.29375	
_D:	2017-12-26 08:00:00	0.921446135708	0.230958823418	0.457017600631	0.998149087467	0.0	0.0	0.606382978723	0.588524590164	0.775000254313	0.984	0.29375	
_D:	2017-12-26 08:30:00	0.881826098274	0.177186074221	0.457017600631	0.998149087467	0.0	0.0	0.606382978723	0.588524590164	0.775000254313	0.984	0.29375	
_D:	2017-12-26 09:00:00	0.83539236507	0.129173947176	0.457017600631	0.998149087467	0.0	0.0	0.606382978723	0.588524590164	0.775000254313	0.984	0.29375	
_D:	2017-12-26 09:30:00	0.782973547165	0.0877792198291	0.457017600631	0.998149087467	0.0	0.0	0.606382978723	0.588524590164	0.775000254313	0.984	0.29375	
_D:	2017-12-26 10:00:00	0.725505059608	0.0537405820701	0.457017600631	0.998149087467	0.0	0.0	0.606382978723	0.588524590164	0.775000254313	0.984	0.29375	
_D:	2017-12-26 10:30:00	0.66401242892	0.027665454196	0.457017600631	0.998149087467	0.0	0.0	0.606382978723	0.588524590164	0.775000254313	0.984	0.29375	
_D:	2017-12-26 11:00:00	0.599592992552	0.0100191474817	0.457017600631	0.998149087467	0.0	0.0	0.606382978723	0.588524590164	0.775000254313	0.984	0.29375	
_D:	2017-12-26 11:30:00	0.533396316873	0.00111656068842	0.457017600631	0.998149087467	0.0	0.0	0.606382978723	0.588524590164	0.775000254313	0.984	0.29375	
_D:	2017-12-26 12:00:00	0.466603683127	0.00111656068842	0.457017600631	0.998149087467	0.0	0.0	0.642553191489	0.447540983607	0.69166692098	1.0	0.325	
_D:	2017-12-26 12:30:00	0.400407007448	0.0100191474817	0.457017600631	0.998149087467	0.0	0.0	0.642553191489	0.447540983607	0.69166692098	1.0	0.325	
_D:	2017-12-26 13:00:00	0.33598757108	0.027665454196	0.457017600631	0.998149087467	0.0	0.0	0.642553191489	0.447540983607	0.69166692098	1.0	0.325	
_D:	2017-12-26 13:30:00	0.274494940392	0.0537405820701	0.457017600631	0.998149087467	0.0	0.0	0.642553191489	0.447540983607	0.69166692098	1.0	0.325	
_D:	2017-12-26 14:00:00	0.217026452835	0.0877792198291	0.457017600631	0.998149087467	0.0	0.0	0.642553191489	0.447540983607	0.69166692098	1.0	0.325	
_D:	2017-12-26 14:30:00	0.16460763493	0.129173947176	0.457017600631	0.998149087467	0.0	0.0	0.642553191489	0.447540983607	0.69166692098	1.0	0.325	
_D:	2017-12-26 15:00:00	0.118173901726	0.177186074221	0.457017600631	0.998149087467	0.0	0.0	0.642553191489	0.447540983607	0.69166692098	1.0	0.325	
_D:	2017-12-26 15:30:00	0.0785538642916	0.230958823418	0.457017600631	0.998149087467	0.0	0.0	0.642553191489	0.447540983607	0.69166692098	1.0	0.325	
_D:	2017-12-26 16:00:00	0.0464545431328	0.289532618786	0.457017600631	0.998149087467	0.0	0.0	0.642553191489	0.447540983607	0.69166692098	1.0	0.325	
_D:	2017-12-26 16:30:00	0.0224487513965	0.351862209557	0.457017600631	0.998149087467	0.0	0.0	0.642553191489	0.447540983607	0.69166692098	1.0	0.325	
_D:	2017-12-26 17:00:00	0.00696487300499	0.416835322708	0.457017600631	0.998149087467	0.0010649627263	0.0117145899894	0.642553191489	0.447540983607	0.69166692098	1.0	0.325	
_D:	2017-12-26 17:30:00	0.000279218134873	0.483292511496	0.457017600631	0.998149087467	0.0266240681576	0.0298189563365	0.642553191489	0.447540983607	0.69166692098	1.0	0.325	
_D:	2017-12-26 18:00:00	0.00251109245575	0.550047845812	0.457017600631	0.998149087467	0.0553780617678	0.0543130990415	0.61914893617	0.485245901639	0.65416692098	0.422	0.3875	
_D:	2017-12-26 18:30:00	0.0136206681175	0.615910075134	0.457017600631	0.998149087467	0.0937167199148	0.0724174653887	0.61914893617	0.485245901639	0.65416692098	0.422	0.3875	
_D:	2017-12-26 19:00:00	0.0334096944792	0.679703886419	0.457017600631	0.998149087467	0.151224707135	0.144834930777	0.61914893617	0.485245901639	0.65416692098	0.422	0.3875	
_D:	2017-12-26 19:30:00	0.0615250358967	0.740290877593	0.457017600631	0.998149087467	0.258785942492	0.237486687966	0.61914893617	0.485245901639	0.65416692098	0.422	0.3875	
_D:	2017-12-26 20:00:00	0.0974649734362	0.796589872365	0.457017600631	0.998149087467	0.353567625133	0.162939297125	0.61914893617	0.485245901639	0.65416692098	0.422	0.3875	
_D:	2017-12-26 20:30:00	0.140588158061	0.847596213837	0.457017600631	0.998149087467	0.473908413206	0.500532481363	0.61914893617	0.485245901639	0.65416692098	0.422	0.3875	
_D:	2017-12-26 21:00:00	0.19012505552	0.892399692639	0.457017600631	0.998149087467	0.588924387646	0.571884984026	0.61914893617	0.485245901639	0.65416692098	0.422	0.3875	
_D:	2017-12-26 21:30:00	0.245191678704	0.93020078963	0.457017600631	0.998149087467	0.607028753994	0.681576144835	0.61914893617	0.485245901639	0.65416692098	0.422	0.3875	
_D:	2017-12-26 22:00:00	0.304805362418	0.960324943338	0.457017600631	0.998149087467	0.53887113951	0.76357827476	0.61914893617	0.485245901639	0.65416692098	0.422	0.3875	
_D:	2017-12-26 22:30:00	0.367902299064	0.982234587527	0.457017600631	0.998149087467	0.408945686901	0.829605963791	0.61914893617	0.485245901639	0.65416692098	0.422	0.3875	
_D:	2017-12-26 23:00:00	0.433356522313	0.995538744077	0.457017600631	0.998149087467	0.455804046858	0.90202342918	0.61914893617	0.485245901639	0.65416692098	0.422	0.3875	
_D:	2017-12-26 23:30:00	0.5	1.0	0.457017600631	0.998149087467	0.558040468584	0.624068157614	0.61914893617	0.485245901639	0.65416692098	0.422	0.3875	
_D:	2017-12-27 00:00:00	0.5	1.0	0.465598786599	0.998815152653	0.477103301384	0.673056443024	0.636170212766	0.159016393443	0.82916692098	0.461	0.425	
_D:	2017-12-27 00:30:00	0.566643477687	0.995538744077	0.465598786599	0.998815152653	0.531416400426	0.422790202343	0.636170212766	0.159016393443	0.82916692098	0.461	0.425	
_D:	2017-12-27 01:00:00	0.632097700936	0.982234587527	0.465598786599	0.998815152653	0.39190628328	0.534611288605	0.636170212766	0.159016393443	0.82916692098	0.461	0.425	
_D:	2017-12-27 01:30:00	0.695194637582	0.960324943338	0.465598786599	0.998815152653	0.588924387646	0.699680511182	0.636170212766	0.159016393443	0.82916692098	0.461	0.425	
_D:	2017-12-27 02:00:00	0.754808321296	0.93020078963	0.465598786599	0.998815152653	0.468583599574	0.585729499468	0.636170212766	0.159016393443	0.82916692098	0.461	0.425	
_D:	2017-12-27 02:30:00	0.80987494448	0.892399692639	0.465598786599	0.998815152653	0.727369542066	0.793397231097	0.636170212766	0.159016393443	0.82916692098	0.461	0.425	
_D:	2017-12-27 03:00:00	0.859411841939	0.847596213837	0.465598786599	0.998815152653	0.543130990415	0.444089456869	0.636170212766	0.159016393443	0.82916692098	0.461	0.425	
_D:	2017-12-27 03:30:00	0.902535026564	0.796589872365	0.465598786599	0.998815152653	0.486687965921	0.439829605964	0.636170212766	0.159016393443	0.82916692098	0.461	0.425	