_H:	$Name	%Input[2:0,0]<2:11,1>	%Input[2:1,0]	%Input[2:2,0]	%Input[2:3,0]	%Input[2:4,0]	%Input[2:5,0]	%Input[2:6,0]	%Input[2:7,0]	%Input[2:8,0]	%Input[2:9,0]	%Input[2:10,0]
_D:	2017-12-21 04:30:00	0.966590305521	0.679703886419	0.414353427909	0.992610053378	0.11007751938	0.0914728682171	0.546808510638	0.334426229508	0.800000254313	0.812	0.375	
_D:	2017-12-21 05:00:00	0.986379331883	0.615910075134	0.414353427909	0.992610053378	0.0790697674419	0.0387596899225	0.536170212766	0.344262295082	0.783333587646	0.906	0.3375	
_D:	2017-12-21 05:30:00	0.997488907544	0.550047845812	0.414353427909	0.992610053378	0.0558139534884	0.0263565891473	0.536170212766	0.344262295082	0.783333587646	0.906	0.3375	
_D:	2017-12-21 06:00:00	0.999720781865	0.483292511496	0.414353427909	0.992610053378	0.0279069767442	0.0108527131783	0.536170212766	0.385245901639	0.758333587646	0.883	0.35	
_D:	2017-12-21 06:30:00	0.993035126995	0.416835322708	0.414353427909	0.992610053378	0.0015503875969	0.0015503875969	0.536170212766	0.385245901639	0.758333587646	0.883	0.35	
_D:	2017-12-21 07:00:00	0.977551248603	0.351862209557	0.414353427909	0.992610053378	0.0015503875969	0.0015503875969	0.544680851064	0.459016393443	0.725000254313	0.57	0.3375	
_D:	2017-12-21 07:30:00	0.953545456867	0.289532618786	0.414353427909	0.992610053378	0.0031007751938	0.0031007751938	0.544680851064	0.459016393443	0.725000254313	0.57	0.3375	
_D:	2017-12-21 08:00:00	0.921446135708	0.230958823418	0.414353427909	0.992610053378	0.0031007751938	0.0031007751938	0.559574468085	0.559016393443	0.700000254313	0.5	0.3125	
_D:	2017-12-21 08:30:00	0.881826098274	0.177186074221	0.414353427909	0.992610053378	0.0031007751938	0.0031007751938	0.559574468085	0.559016393443	0.700000254313	0.5	0.3125	
_D:	2017-12-21 09:00:00	0.83539236507	0.129173947176	0.414353427909	0.992610053378	0.0031007751938	0.0031007751938	0.572340425532	0.627868852459	0.725000254313	0.688	0.33125	
_D:	2017-12-21 09:30:00	0.782973547165	0.0877792198291	0.414353427909	0.992610053378	0.0031007751938	0.0031007751938	0.572340425532	0.627868852459	0.725000254313	0.688	0.33125	
_D:	2017-12-21 10:00:00	0.725505059608	0.0537405820701	0.414353427909	0.992610053378	0.0031007751938	0.0031007751938	0.570212765957	0.686885245902	0.72916692098	0.398	0.30625	
_D:	2017-12-21 10:30:00	0.66401242892	0.027665454196	0.414353427909	0.992610053378	0.0031007751938	0.0031007751938	0.570212765957	0.686885245902	0.72916692098	0.398	0.30625	
_D:	2017-12-21 11:00:00	0.599592992552	0.0100191474817	0.414353427909	0.992610053378	0.0031007751938	0.0031007751938	0.565957446809	0.724590163934	0.720833587646	0.18	0.2625	
_D:	2017-12-21 11:30:00	0.533396316873	0.00111656068842	0.414353427909	0.992610053378	0.0031007751938	0.0031007751938	0.565957446809	0.724590163934	0.720833587646	0.18	0.2625	
_D:	2017-12-21 12:00:00	0.466603683127	0.00111656068842	0.414353427909	0.992610053378	0.0031007751938	0.0031007751938	0.553191489362	0.752459016393	0.71666692098	0.609	0.18125	
_D:	2017-12-21 12:30:00	0.400407007448	0.0100191474817	0.414353427909	0.992610053378	0.0031007751938	0.0031007751938	0.553191489362	0.752459016393	0.71666692098	0.609	0.18125	
_D:	2017-12-21 13:00:00	0.33598757108	0.027665454196	0.414353427909	0.992610053378	0.0031007751938	0.0031007751938	0.544680851064	0.832786885246	0.70416692098	0.453	0.1625	
_D:	2017-12-21 13:30:00	0.274494940392	0.0537405820701	0.414353427909	0.992610053378	0.0031007751938	0.0031007751938	0.544680851064	0.832786885246	0.70416692098	0.453	0.1625	
_D:	2017-12-21 14:00:00	0.217026452835	0.0877792198291	0.414353427909	0.992610053378	0.0031007751938	0.0031007751938	0.540425531915	0.870491803279	0.700000254313	0.117	0.14375	
_D:	2017-12-21 14:30:00	0.16460763493	0.129173947176	0.414353427909	0.992610053378	0.0031007751938	0.0031007751938	0.540425531915	0.870491803279	0.700000254313	0.117	0.14375	
_D:	2017-12-21 15:00:00	0.118173901726	0.177186074221	0.414353427909	0.992610053378	0.0031007751938	0.0031007751938	0.540425531915	0.872131147541	0.700000254313	0.961	0.13125	
_D:	2017-12-21 15:30:00	0.0785538642916	0.230958823418	0.414353427909	0.992610053378	0.0031007751938	0.0031007751938	0.540425531915	0.872131147541	0.700000254313	0.961	0.13125	
_D:	2017-12-21 16:00:00	0.0464545431328	0.289532618786	0.414353427909	0.992610053378	0.0031007751938	0.0031007751938	0.544680851064	0.827868852459	0.733333587646	1.0	0.15	
_D:	2017-12-21 16:30:00	0.0224487513965	0.351862209557	0.414353427909	0.992610053378	0.0031007751938	0.0031007751938	0.544680851064	0.827868852459	0.733333587646	1.0	0.15	
_D:	2017-12-21 17:00:00	0.00696487300499	0.416835322708	0.414353427909	0.992610053378	0.0015503875969	0.0031007751938	0.555319148936	0.819672131148	0.75416692098	1.0	0.15	
_D:	2017-12-21 17:30:00	0.000279218134873	0.483292511496	0.414353427909	0.992610053378	0.0232558139535	0.0248062015504	0.555319148936	0.819672131148	0.75416692098	1.0	0.15	
_D:	2017-12-21 18:00:00	0.00251109245575	0.550047845812	0.414353427909	0.992610053378	0.0976744186047	0.137984496124	0.56170212766	0.818032786885	0.770833587646	1.0	0.13125	
_D:	2017-12-21 18:30:00	0.0136206681175	0.615910075134	0.414353427909	0.992610053378	0.443410852713	0.451162790698	0.56170212766	0.818032786885	0.770833587646	1.0	0.13125	
_D:	2017-12-21 19:00:00	0.0334096944792	0.679703886419	0.414353427909	0.992610053378	0.610852713178	0.33488372093	0.572340425532	0.783606557377	0.808333587646	1.0	0.15625	
_D:	2017-12-21 19:30:00	0.0615250358967	0.740290877593	0.414353427909	0.992610053378	0.319379844961	0.263565891473	0.572340425532	0.783606557377	0.808333587646	1.0	0.15625	
_D:	2017-12-21 20:00:00	0.0974649734362	0.796589872365	0.414353427909	0.992610053378	0.168992248062	0.212403100775	0.576595744681	0.747540983607	0.825000254313	0.742	0.1625	
_D:	2017-12-21 20:30:00	0.140588158061	0.847596213837	0.414353427909	0.992610053378	0.217054263566	0.207751937984	0.576595744681	0.747540983607	0.825000254313	0.742	0.1625	
_D:	2017-12-21 21:00:00	0.19012505552	0.892399692639	0.414353427909	0.992610053378	0.589147286822	0.293023255814	0.58085106383	0.667213114754	0.862500254313	0.656	0.29375	
_D:	2017-12-21 21:30:00	0.245191678704	0.93020078963	0.414353427909	0.992610053378	0.961240310078	0.449612403101	0.58085106383	0.667213114754	0.862500254313	0.656	0.29375	
_D:	2017-12-21 22:00:00	0.304805362418	0.960324943338	0.414353427909	0.992610053378	0.931782945736	0.860465116279	0.58085106383	0.504918032787	0.883333587646	0.102	0.3125	
_D:	2017-12-21 22:30:00	0.367902299064	0.982234587527	0.414353427909	0.992610053378	0.768992248062	0.964341085271	0.58085106383	0.504918032787	0.883333587646	0.102	0.3125	
_D:	2017-12-21 23:00:00	0.433356522313	0.995538744077	0.414353427909	0.992610053378	0.809302325581	0.877519379845	0.576595744681	0.35737704918	0.937500254313	0.484	0.25	
_D:	2017-12-21 23:30:00	0.5	1.0	0.414353427909	0.992610053378	0.525581395349	0.900775193798	0.576595744681	0.35737704918	0.937500254313	0.484	0.25	
_D:	2017-12-22 00:00:00	0.5	1.0	0.422845589668	0.994011332832	0.217054263566	0.801550387597	0.578723404255	0.352459016393	0.933333587646	0.828	0.33125	
_D:	2017-12-22 00:30:00	0.566643477687	0.995538744077	0.422845589668	0.994011332832	0.176744186047	0.654263565891	0.578723404255	0.352459016393	0.933333587646	0.828	0.33125	
_D:	2017-12-22 01:00:00	0.632097700936	0.982234587527	0.422845589668	0.994011332832	0.491472868217	0.607751937984	0.576595744681	0.268852459016	0.94166692098	0.602	0.30625	
_D:	2017-12-22 01:30:00	0.695194637582	0.960324943338	0.422845589668	0.994011332832	0.576744186047	0.596899224806	0.576595744681	0.268852459016	0.94166692098	0.602	0.30625	
_D:	2017-12-22 02:00:00	0.754808321296	0.93020078963	0.422845589668	0.994011332832	0.348837209302	0.632558139535	0.572340425532	0.319672131148	0.94166692098	0.305	0.325	
_D:	2017-12-22 02:30:00	0.80987494448	0.892399692639	0.422845589668	0.994011332832	0.319379844961	0.407751937984	0.572340425532	0.319672131148	0.94166692098	0.305	0.325	
_D:	2017-12-22 03:00:00	0.859411841939	0.847596213837	0.422845589668	0.994011332832	0.358139534884	0.37984496124	0.572340425532	0.352459016393	0.925000254313	0.406	0.33125	
_D:	2017-12-22 03:30:00	0.902535026564	0.796589872365	0.422845589668	0.994011332832	0.124031007752	0.299224806202	0.572340425532	0.352459016393	0.925000254313	0.406	0.33125	
_D:	2017-12-22 04:00:00	0.938474964103	0.740290877593	0.422845589668	0.994011332832	0.0573643410853	0.189147286822	0.568085106383	0.326229508197	0.908333587646	0.852	0.3125	
_D:	2017-12-22 04:30:00	0.966590305521	0.679703886419	0.422845589668	0.994011332832	0.137984496124	0.11007751938	0.568085106383	0.326229508197	0.908333587646	0.852	0.3125	
_D:	2017-12-22 05:00:00	0.986379331883	0.615910075134	0.422845589668	0.994011332832	0.0728682170543	0.0961240310078	0.570212765957	0.393442622951	0.87916692098	0.719	0.29375	
_D:	2017-12-22 05:30:00	0.997488907544	0.550047845812	0.422845589668	0.994011332832	0.031007751938	0.0744186046512	0.570212765957	0.393442622951	0.87916692098	0.719	0.29375	
_D:	2017-12-22 06:00:00	0.999720781865	0.483292511496	0.422845589668	0.994011332832	0.0124031007752	0.0170542635659	0.578723404255	0.549180327869	0.82916692098	0.93	0.275	
_D:	2017-12-22 06:30:00	0.993035126995	0.416835322708	0.422845589668	0.994011332832	0.0015503875969	0.0015503875969	0.578723404255	0.549180327869	0.82916692098	0.93	0.275	
_D:	2017-12-22 07:00:00	0.977551248603	0.351862209557	0.422845589668	0.994011332832	0.0015503875969	0.0015503875969	0.591489361702	0.650819672131	0.77916692098	0.891	0.23125	
_D:	2017-12-22 07:30:00	0.953545456867	0.289532618786	0.422845589668	0.994011332832	0.0031007751938	0.0031007751938	0.591489361702	0.650819672131	0.77916692098	0.891	0.23125	
_D:	2017-12-22 08:00:00	0.921446135708	0.230958823418	0.422845589668	0.994011332832	0.0031007751938	0.0031007751938	0.604255319149	0.790163934426	0.720833587646	0.836	0.11875	
_D:	2017-12-22 08:30:00	0.881826098274	0.177186074221	0.422845589668	0.994011332832	0.0031007751938	0.0031007751938	0.604255319149	0.790163934426	0.720833587646	0.836	0.11875	
_D:	2017-12-22 09:00:00	0.83539236507	0.129173947176	0.422845589668	0.994011332832	0.0031007751938	0.0031007751938	0.621276595745	0.859016393443	0.687500254313	0.938	0.1	
_D:	2017-12-22 09:30:00	0.782973547165	0.0877792198291	0.422845589668	0.994011332832	0.0031007751938	0.0031007751938	0.621276595745	0.859016393443	0.687500254313	0.938	0.1	
_D:	2017-12-22 10:00:00	0.725505059608	0.0537405820701	0.422845589668	0.994011332832	0.0031007751938	0.0031007751938	0.631914893617	0.885245901639	0.687500254313	0.961	0.05	
_D:	2017-12-22 10:30:00	0.66401242892	0.027665454196	0.422845589668	0.994011332832	0.0031007751938	0.0031007751938	0.631914893617	0.885245901639	0.687500254313	0.961	0.05	
_D:	2017-12-22 11:00:00	0.599592992552	0.0100191474817	0.422845589668	0.994011332832	0.0031007751938	0.0031007751938	0.63829787234	0.932786885246	0.658333587646	0.492	0.0625	
_D:	2017-12-22 11:30:00	0.533396316873	0.00111656068842	0.422845589668	0.994011332832	0.0031007751938	0.0031007751938	0.63829787234	0.932786885246	0.658333587646	0.492	0.0625	
_D:	2017-12-22 12:00:00	0.466603683127	0.00111656068842	0.422845589668	0.994011332832	0.0031007751938	0.0031007751938	0.644680851064	0.896721311475	0.66666692098	0.914	0.06875	
_D:	2017-12-22 12:30:00	0.400407007448	0.0100191474817	0.422845589668	0.994011332832	0.0031007751938	0.0031007751938	0.644680851064	0.896721311475	0.66666692098	0.914	0.06875	
_D:	2017-12-22 13:00:00	0.33598757108	0.027665454196	0.422845589668	0.994011332832	0.0031007751938	0.0031007751938	0.644680851064	0.903278688525	0.67916692098	0.961	0.1625	
_D:	2017-12-22 13:30:00	0.274494940392	0.0537405820701	0.422845589668	0.994011332832	0.0031007751938	0.0031007751938	0.644680851064	0.903278688525	0.67916692098	0.961	0.1625	
_D:	2017-12-22 14:00:00	0.217026452835	0.0877792198291	0.422845589668	0.994011332832	0.0031007751938	0.0031007751938	0.63829787234	0.695081967213	0.733333587646	1.0	0.3375	
_D:	2017-12-22 14:30:00	0.16460763493	0.129173947176	0.422845589668	0.994011332832	0.0031007751938	0.0031007751938	0.63829787234	0.695081967213	0.733333587646	1.0	0.3375	
_D:	2017-12-22 15:00:00	0.118173901726	0.177186074221	0.422845589668	0.994011332832	0.0031007751938	0.0031007751938	0.631914893617	0.622950819672	0.737500254313	1.0	0.3625	
_D:	2017-12-22 15:30:00	0.0785538642916	0.230958823418	0.422845589668	0.994011332832	0.0031007751938	0.0031007751938	0.631914893617	0.622950819672	0.737500254313	1.0	0.3625	
_D:	2017-12-22 16:00:00	0.0464545431328	0.289532618786	0.422845589668	0.994011332832	0.0031007751938	0.0031007751938	0.636170212766	0.626229508197	0.72916692098	1.0	0.34375	
_D:	2017-12-22 16:30:00	0.0224487513965	0.351862209557	0.422845589668	0.994011332832	0.0031007751938	0.0031007751938	0.636170212766	0.626229508197	0.72916692098	1.0	0.34375	
_D:	2017-12-22 17:00:00	0.00696487300499	0.416835322708	0.422845589668	0.994011332832	0.0	0.0279069767442	0.644680851064	0.624590163934	0.725000254313	1.0	0.31875	
_D:	2017-12-22 17:30:00	0.000279218134873	0.483292511496	0.422845589668	0.994011332832	0.0496124031008	0.0821705426357	0.644680851064	0.624590163934	0.725000254313	1.0	0.31875	
_D:	2017-12-22 18:00:00	0.00251109245575	0.550047845812	0.422845589668	0.994011332832	0.062015503876	0.0914728682171	0.657446808511	0.598360655738	0.733333587646	1.0	0.34375	
_D:	2017-12-22 18:30:00	0.0136206681175	0.615910075134	0.422845589668	0.994011332832	0.0666666666667	0.395348837209	0.657446808511	0.598360655738	0.733333587646	1.0	0.34375	
_D:	2017-12-22 19:00:00	0.0334096944792	0.679703886419	0.422845589668	0.994011332832	0.164341085271	0.240310077519	0.66170212766	0.559016393443	0.750000254313	0.867	0.3875	
_D:	2017-12-22 19:30:00	0.0615250358967	0.740290877593	0.422845589668	0.994011332832	0.448062015504	0.488372093023	0.66170212766	0.559016393443	0.750000254313	0.867	0.3875	
_D:	2017-12-22 20:00:00	0.0974649734362	0.796589872365	0.422845589668	0.994011332832	0.716279069767	0.513178294574	0.674468085106	0.504918032787	0.775000254313	0.445	0.3875	
_D:	2017-12-22 20:30:00	0.140588158061	0.847596213837	0.422845589668	0.994011332832	0.613953488372	0.713178294574	0.674468085106	0.504918032787	0.775000254313	0.445	0.3875	
_D:	2017-12-22 21:00:00	0.19012505552	0.892399692639	0.422845589668	0.994011332832	0.429457364341	0.696124031008	0.678723404255	0.439344262295	0.80416692098	0.578	0.39375	
_D:	2017-12-22 21:30:00	0.245191678704	0.93020078963	0.422845589668	0.994011332832	0.493023255814	0.796899224806	0.678723404255	0.439344262295	0.80416692098	0.578	0.39375	
_D:	2017-12-22 22:00:00	0.304805362418	0.960324943338	0.422845589668	0.994011332832	0.458914728682	0.88992248062	0.685106382979	0.398360655738	0.82916692098	0.414	0.38125	
_D:	2017-12-22 22:30:00	0.367902299064	0.982234587527	0.422845589668	0.994011332832	0.48992248062	0.914728682171	0.685106382979	0.398360655738	0.82916692098	0.414	0.38125	
_D:	2017-12-22 23:00:00	0.433356522313	0.995538744077	0.422845589668	0.994011332832	0.603100775194	0.917829457364	0.689361702128	0.337704918033	0.85416692098	0.664	0.3625	
_D:	2017-12-22 23:30:00	0.5	1.0	0.422845589668	0.994011332832	0.427906976744	0.893023255814	0.689361702128	0.337704918033	0.85416692098	0.664	0.3625	
_D:	2017-12-23 00:00:00	0.5	1.0	0.431360613943	0.995266226066	0.499224806202	0.857364341085	0.687234042553	0.380327868852	0.84166692098	0.969	0.41875	
_D:	2017-12-23 00:30:00	0.566643477687	0.995538744077	0.431360613943	0.995266226066	0.841860465116	0.818604651163	0.687234042553	0.380327868852	0.84166692098	0.969	0.41875	
_D:	2017-12-23 01:00:00	0.632097700936	0.982234587527	0.431360613943	0.995266226066	0.731782945736	0.751937984496	0.682978723404	0.362295081967	0.845833587646	0.594	0.3875	
_D:	2017-12-23 01:30:00	0.695194637582	0.960324943338	0.431360613943	0.995266226066	0.567441860465	0.686821705426	0.682978723404	0.362295081967	0.845833587646	0.594	0.3875	
_D:	2017-12-23 02:00:00	0.754808321296	0.93020078963	0.431360613943	0.995266226066	0.516279069767	0.609302325581	0.676595744681	0.36393442623	0.84166692098	0.609	0.43125	
_D:	2017-12-23 02:30:00	0.80987494448	0.892399692639	0.431360613943	0.995266226066	0.455813953488	0.516279069767	0.676595744681	0.36393442623	0.84166692098	0.609	0.43125	
_D:	2017-12-23 03:00:00	0.859411841939	0.847596213837	0.431360613943	0.995266226066	0.403100775194	0.413953488372	0.674468085106	0.36393442623	0.825000254313	0.609	0.4	
_D:	2017-12-23 03:30:00	0.902535026564	0.796589872365	0.431360613943	0.995266226066	0.325581395349	0.291472868217	0.674468085106	0.36393442623	0.825000254313	0.609	0.4	
_D:	2017-12-23 04:00:00	0.938474964103	0.740290877593	0.431360613943	0.995266226066	0.210852713178	0.164341085271	0.670212765957	0.385245901639	0.812500254313	0.789	0.4	
_D:	2017-12-23 04:30:00	0.966590305521	0.679703886419	0.431360613943	0.995266226066	0.173643410853	0.106976744186	0.670212765957	0.385245901639	0.812500254313	0.789	0.4	
_D:	2017-12-23 05:00:00	0.986379331883	0.615910075134	0.431360613943	0.995266226066	0.0945736434109	0.0527131782946	0.665957446809	0.414754098361	0.787500254313	0.812	0.375	
_D:	2017-12-23 05:30:00	0.997488907544	0.550047845812	0.431360613943	0.995266226066	0.077519379845	0.0232558139535	0.665957446809	0.414754098361	0.787500254313	0.812	0.375	
_D:	2017-12-23 06:00:00	0.999720781865	0.483292511496	0.431360613943	0.995266226066	0.031007751938	0.0077519379845	0.670212765957	0.44262295082	0.783333587646	0.578	0.3625	
_D:	2017-12-23 06:30:00	0.993035126995	0.416835322708	0.431360613943	0.995266226066	0.0170542635659	0.0015503875969	0.670212765957	0.44262295082	0.783333587646	0.578	0.3625	
_D:	2017-12-23 07:00:00	0.977551248603	0.351862209557	0.431360613943	0.995266226066	0.0031007751938	0.0031007751938	0.68085106383	0.477049180328	0.762500254313	0.812	0.3375	
_D:	2017-12-23 07:30:00	0.953545456867	0.289532618786	0.431360613943	0.995266226066	0.0031007751938	0.0031007751938	0.68085106383	0.477049180328	0.762500254313	0.812	0.3375	
_D:	2017-12-23 08:00:00	0.921446135708	0.230958823418	0.431360613943	0.995266226066	0.0031007751938	0.0031007751938	0.689361702128	0.554098360656	0.74166692098	0.445	0.3125	
_D:	2017-12-23 08:30:00	0.881826098274	0.177186074221	0.431360613943	0.995266226066	0.0031007751938	0.0031007751938	0.689361702128	0.554098360656	0.74166692098	0.445	0.3125	
_D:	2017-12-23 09:00:00	0.83539236507	0.129173947176	0.431360613943	0.995266226066	0.0031007751938	0.0031007751938	0.702127659574	0.595081967213	0.720833587646	0.922	0.30625	
_D:	2017-12-23 09:30:00	0.782973547165	0.0877792198291	0.431360613943	0.995266226066	0.0031007751938	0.0031007751938	0.702127659574	0.595081967213	0.720833587646	0.922	0.30625	
_D:	2017-12-23 10:00:00	0.725505059608	0.0537405820701	0.431360613943	0.995266226066	0.0031007751938	0.0031007751938	0.708510638298	0.562295081967	0.712500254313	0.516	0.29375	
_D:	2017-12-23 10:30:00	0.66401242892	0.027665454196	0.431360613943	0.995266226066	0.0031007751938	0.0031007751938	0.708510638298	0.562295081967	0.712500254313	0.516	0.29375	
_D:	2017-12-23 11:00:00	0.599592992552	0.0100191474817	0.431360613943	0.995266226066	0.0031007751938	0.0031007751938	0.706382978723	0.552459016393	0.70416692098	0.844	0.275	
_D:	2017-12-23 11:30:00	0.533396316873	0.00111656068842	0.431360613943	0.995266226066	0.0031007751938	0.0031007751938	0.706382978723	0.552459016393	0.70416692098	0.844	0.275	
_D:	2017-12-23 12:00:00	0.466603683127	0.00111656068842	0.431360613943	0.995266226066	0.0031007751938	0.0031007751938	0.7	0.555737704918	0.70416692098	0.781	0.29375	
_D:	2017-12-23 12:30:00	0.400407007448	0.0100191474817	0.431360613943	0.995266226066	0.0031007751938	0.0031007751938	0.7	0.555737704918	0.70416692098	0.781	0.29375	
_D:	2017-12-23 13:00:00	0.33598757108	0.027665454196	0.431360613943	0.995266226066	0.0031007751938	0.0031007751938	0.693617021277	0.568852459016	0.695833587646	0.336	0.275	
_D:	2017-12-23 13:30:00	0.274494940392	0.0537405820701	0.431360613943	0.995266226066	0.0031007751938	0.0031007751938	0.693617021277	0.568852459016	0.695833587646	0.336	0.275	
_D:	2017-12-23 14:00:00	0.217026452835	0.0877792198291	0.431360613943	0.995266226066	0.0031007751938	0.0031007751938	0.687234042553	0.57868852459	0.69166692098	0.336	0.28125	
_D:	2017-12-23 14:30:00	0.16460763493	0.129173947176	0.431360613943	0.995266226066	0.0031007751938	0.0031007751938	0.687234042553	0.57868852459	0.69166692098	0.336	0.28125	
_D:	2017-12-23 15:00:00	0.118173901726	0.177186074221	0.431360613943	0.995266226066	0.0031007751938	0.0031007751938	0.682978723404	0.595081967213	0.687500254313	0.43	0.26875	
_D:	2017-12-23 15:30:00	0.0785538642916	0.230958823418	0.431360613943	0.995266226066	0.0031007751938	0.0031007751938	0.682978723404	0.595081967213	0.687500254313	0.43	0.26875	
_D:	2017-12-23 16:00:00	0.0464545431328	0.289532618786	0.431360613943	0.995266226066	0.0031007751938	0.0031007751938	0.685106382979	0.57868852459	0.69166692098	0.773	0.25625	
_D:	2017-12-23 16:30:00	0.0224487513965	0.351862209557	0.431360613943	0.995266226066	0.0031007751938	0.0031007751938	0.685106382979	0.57868852459	0.69166692098	0.773	0.25625	
_D:	2017-12-23 17:00:00	0.00696487300499	0.416835322708	0.431360613943	0.995266226066	0.0015503875969	0.0031007751938	0.689361702128	0.577049180328	0.695833587646	0.586	0.2625	
_D:	2017-12-23 17:30:00	0.000279218134873	0.483292511496	0.431360613943	0.995266226066	0.0046511627907	0.0558139534884	0.689361702128	0.577049180328	0.695833587646	0.586	0.2625	
_D:	2017-12-23 18:00:00	0.00251109245575	0.550047845812	0.431360613943	0.995266226066	0.0511627906977	0.136434108527	0.693617021277	0.540983606557	0.725000254313	0.445	0.28125	
_D:	2017-12-23 18:30:00	0.0136206681175	0.615910075134	0.431360613943	0.995266226066	0.480620155039	0.378294573643	0.693617021277	0.540983606557	0.725000254313	0.445	0.28125	
_D:	2017-12-23 19:00:00	0.0334096944792	0.679703886419	0.431360613943	0.995266226066	0.592248062016	0.572093023256	0.693617021277	0.540983606557	0.725000254313	0.445	0.28125	
_D:	2017-12-23 19:30:00	0.0615250358967	0.740290877593	0.431360613943	0.995266226066	0.677519379845	0.410852713178	0.693617021277	0.540983606557	0.725000254313	0.445	0.28125	
_D:	2017-12-23 20:00:00	0.0974649734362	0.796589872365	0.431360613943	0.995266226066	0.747286821705	0.305426356589	0.693617021277	0.540983606557	0.725000254313	0.445	0.28125	
_D:	2017-12-23 20:30:00	0.140588158061	0.847596213837	0.431360613943	0.995266226066	0.741085271318	0.190697674419	0.693617021277	0.540983606557	0.725000254313	0.445	0.28125	
_D:	2017-12-23 21:00:00	0.19012505552	0.892399692639	0.431360613943	0.995266226066	0.762790697674	0.316279069767	0.693617021277	0.540983606557	0.725000254313	0.445	0.28125	
_D:	2017-12-23 21:30:00	0.245191678704	0.93020078963	0.431360613943	0.995266226066	0.711627906977	0.182945736434	0.693617021277	0.540983606557	0.725000254313	0.445	0.28125	
_D:	2017-12-23 22:00:00	0.304805362418	0.960324943338	0.431360613943	0.995266226066	0.212403100775	0.541085271318	0.693617021277	0.540983606557	0.725000254313	0.445	0.28125	
_D:	2017-12-23 22:30:00	0.367902299064	0.982234587527	0.431360613943	0.995266226066	0.251162790698	0.46511627907	0.693617021277	0.540983606557	0.725000254313	0.445	0.28125	
_D:	2017-12-23 23:00:00	0.433356522313	0.995538744077	0.431360613943	0.995266226066	0.306976744186	0.615503875969	0.693617021277	0.540983606557	0.725000254313	0.445	0.28125	
_D:	2017-12-23 23:30:00	0.5	1.0	0.431360613943	0.995266226066	0.42015503876	0.793798449612	0.693617021277	0.540983606557	0.725000254313	0.445	0.28125	
_D:	2017-12-24 00:00:00	0.5	1.0	0.43989597755	0.996374361229	0.699224806202	0.286821705426	0.708510638298	0.372131147541	0.837500254313	0.953	0.40625	
_D:	2017-12-24 00:30:00	0.566643477687	0.995538744077	0.43989597755	0.996374361229	0.810852713178	0.435658914729	0.708510638298	0.372131147541	0.837500254313	0.953	0.40625	
_D:	2017-12-24 01:00:00	0.632097700936	0.982234587527	0.43989597755	0.996374361229	0.404651162791	0.395348837209	0.708510638298	0.372131147541	0.837500254313	0.953	0.40625	
_D:	2017-12-24 01:30:00	0.695194637582	0.960324943338	0.43989597755	0.996374361229	0.590697674419	0.145736434109	0.708510638298	0.372131147541	0.837500254313	0.953	0.40625	
_D:	2017-12-24 02:00:00	0.754808321296	0.93020078963	0.43989597755	0.996374361229	0.454263565891	0.168992248062	0.708510638298	0.372131147541	0.837500254313	0.953	0.40625	
_D:	2017-12-24 02:30:00	0.80987494448	0.892399692639	0.43989597755	0.996374361229	0.378294573643	0.209302325581	0.708510638298	0.372131147541	0.837500254313	0.953	0.40625	
_D:	2017-12-24 03:00:00	0.859411841939	0.847596213837	0.43989597755	0.996374361229	0.192248062016	0.193798449612	0.708510638298	0.372131147541	0.837500254313	0.953	0.40625	
_D:	2017-12-24 03:30:00	0.902535026564	0.796589872365	0.43989597755	0.996374361229	0.223255813953	0.0883720930233	0.708510638298	0.372131147541	0.837500254313	0.953	0.40625	
_D:	2017-12-24 04:00:00	0.938474964103	0.740290877593	0.43989597755	0.996374361229	0.227906976744	0.0852713178295	0.708510638298	0.372131147541	0.837500254313	0.953	0.40625	
_D:	2017-12-24 04:30:00	0.966590305521	0.679703886419	0.43989597755	0.996374361229	0.164341085271	0.0496124031008	0.708510638298	0.372131147541	0.837500254313	0.953	0.40625	
_D:	2017-12-24 05:00:00	0.986379331883	0.615910075134	0.43989597755	0.996374361229	0.124031007752	0.0232558139535	0.708510638298	0.372131147541	0.837500254313	0.953	0.40625	
_D:	2017-12-24 06:30:00	0.993035126995	0.416835322708	0.43989597755	0.996374361229	0.0170542635659	0.0015503875969	0.695744680851	0.460655737705	0.775000254313	0.93	0.31875	
_D:	2017-12-24 07:00:00	0.977551248603	0.351862209557	0.43989597755	0.996374361229	0.0031007751938	0.0031007751938	0.695744680851	0.460655737705	0.775000254313	0.93	0.31875	
_D:	2017-12-24 07:30:00	0.953545456867	0.289532618786	0.43989597755	0.996374361229	0.0031007751938	0.0031007751938	0.695744680851	0.460655737705	0.775000254313	0.93	0.31875	
_D:	2017-12-24 08:00:00	0.921446135708	0.230958823418	0.43989597755	0.996374361229	0.0031007751938	0.0031007751938	0.695744680851	0.460655737705	0.775000254313	0.93	0.31875	
_D:	2017-12-24 08:30:00	0.881826098274	0.177186074221	0.43989597755	0.996374361229	0.0031007751938	0.0031007751938	0.695744680851	0.460655737705	0.775000254313	0.93	0.31875	
_D:	2017-12-24 09:00:00	0.83539236507	0.129173947176	0.43989597755	0.996374361229	0.0031007751938	0.0031007751938	0.695744680851	0.460655737705	0.775000254313	0.93	0.31875	
_D:	2017-12-24 09:30:00	0.782973547165	0.0877792198291	0.43989597755	0.996374361229	0.0031007751938	0.0031007751938	0.695744680851	0.460655737705	0.775000254313	0.93	0.31875	
_D:	2017-12-24 10:00:00	0.725505059608	0.0537405820701	0.43989597755	0.996374361229	0.0031007751938	0.0031007751938	0.695744680851	0.460655737705	0.775000254313	0.93	0.31875	
_D:	2017-12-24 10:30:00	0.66401242892	0.027665454196	0.43989597755	0.996374361229	0.0031007751938	0.0031007751938	0.695744680851	0.460655737705	0.775000254313	0.93	0.31875	
_D:	2017-12-24 11:00:00	0.599592992552	0.0100191474817	0.43989597755	0.996374361229	0.0031007751938	0.0031007751938	0.695744680851	0.460655737705	0.775000254313	0.93	0.31875	
_D:	2017-12-24 11:30:00	0.533396316873	0.00111656068842	0.43989597755	0.996374361229	0.0031007751938	0.0031007751938	0.695744680851	0.460655737705	0.775000254313	0.93	0.31875	
_D:	2017-12-24 12:00:00	0.466603683127	0.00111656068842	0.43989597755	0.996374361229	0.0031007751938	0.0031007751938	0.710638297872	0.6	0.683333587646	0.164	0.20625	
_D:	2017-12-24 12:30:00	0.400407007448	0.0100191474817	0.43989597755	0.996374361229	0.0031007751938	0.0031007751938	0.710638297872	0.6	0.683333587646	0.164	0.20625	
_D:	2017-12-24 13:00:00	0.33598757108	0.027665454196	0.43989597755	0.996374361229	0.0031007751938	0.0031007751938	0.710638297872	0.6	0.683333587646	0.164	0.20625	
_D:	2017-12-24 13:30:00	0.274494940392	0.0537405820701	0.43989597755	0.996374361229	0.0031007751938	0.0031007751938	0.710638297872	0.6	0.683333587646	0.164	0.20625	
_D:	2017-12-24 14:00:00	0.217026452835	0.0877792198291	0.43989597755	0.996374361229	0.0031007751938	0.0031007751938	0.710638297872	0.6	0.683333587646	0.164	0.20625	
_D:	2017-12-24 14:30:00	0.16460763493	0.129173947176	0.43989597755	0.996374361229	0.0031007751938	0.0031007751938	0.710638297872	0.6	0.683333587646	0.164	0.20625	
_D:	2017-12-24 15:00:00	0.118173901726	0.177186074221	0.43989597755	0.996374361229	0.0031007751938	0.0031007751938	0.710638297872	0.6	0.683333587646	0.164	0.20625	
_D:	2017-12-24 15:30:00	0.0785538642916	0.230958823418	0.43989597755	0.996374361229	0.0031007751938	0.0031007751938	0.710638297872	0.6	0.683333587646	0.164	0.20625	
_D:	2017-12-24 16:00:00	0.0464545431328	0.289532618786	0.43989597755	0.996374361229	0.0031007751938	0.0031007751938	0.710638297872	0.6	0.683333587646	0.164	0.20625	
_D:	2017-12-24 16:30:00	0.0224487513965	0.351862209557	0.43989597755	0.996374361229	0.0031007751938	0.0031007751938	0.710638297872	0.6	0.683333587646	0.164	0.20625	
_D:	2017-12-24 17:00:00	0.00696487300499	0.416835322708	0.43989597755	0.996374361229	0.0015503875969	0.0015503875969	0.710638297872	0.6	0.683333587646	0.164	0.20625	
_D:	2017-12-24 17:30:00	0.000279218134873	0.483292511496	0.43989597755	0.996374361229	0.0046511627907	0.0077519379845	0.710638297872	0.6	0.683333587646	0.164	0.20625	
_D:	2017-12-24 18:00:00	0.00251109245575	0.550047845812	0.43989597755	0.996374361229	0.0976744186047	0.0759689922481	0.687234042553	0.567213114754	0.70416692098	0.547	0.21875	
_D:	2017-12-24 18:30:00	0.0136206681175	0.615910075134	0.43989597755	0.996374361229	0.499224806202	0.0992248062016	0.687234042553	0.567213114754	0.70416692098	0.547	0.21875	
_D:	2017-12-24 19:00:00	0.0334096944792	0.679703886419	0.43989597755	0.996374361229	0.541085271318	0.37984496124	0.687234042553	0.567213114754	0.70416692098	0.547	0.21875	
_D:	2017-12-24 19:30:00	0.0615250358967	0.740290877593	0.43989597755	0.996374361229	0.262015503876	0.6	0.687234042553	0.567213114754	0.70416692098	0.547	0.21875	
_D:	2017-12-24 20:00:00	0.0974649734362	0.796589872365	0.43989597755	0.996374361229	0.0790697674419	0.711627906977	0.687234042553	0.567213114754	0.70416692098	0.547	0.21875	
_D:	2017-12-24 20:30:00	0.140588158061	0.847596213837	0.43989597755	0.996374361229	0.131782945736	0.817054263566	0.687234042553	0.567213114754	0.70416692098	0.547	0.21875	
_D:	2017-12-24 21:00:00	0.19012505552	0.892399692639	0.43989597755	0.996374361229	0.168992248062	0.815503875969	0.687234042553	0.567213114754	0.70416692098	0.547	0.21875	
_D:	2017-12-24 21:30:00	0.245191678704	0.93020078963	0.43989597755	0.996374361229	0.364341085271	0.840310077519	0.687234042553	0.567213114754	0.70416692098	0.547	0.21875	
_D:	2017-12-24 22:00:00	0.304805362418	0.960324943338	0.43989597755	0.996374361229	0.737984496124	0.855813953488	0.687234042553	0.567213114754	0.70416692098	0.547	0.21875	
_D:	2017-12-24 22:30:00	0.367902299064	0.982234587527	0.43989597755	0.996374361229	0.435658914729	0.846511627907	0.687234042553	0.567213114754	0.70416692098	0.547	0.21875	
_D:	2017-12-24 23:00:00	0.433356522313	0.995538744077	0.43989597755	0.996374361229	0.186046511628	0.906976744186	0.687234042553	0.567213114754	0.70416692098	0.547	0.21875	
_D:	2017-12-24 23:30:00	0.5	1.0	0.43989597755	0.996374361229	0.697674418605	0.902325581395	0.687234042553	0.567213114754	0.70416692098	0.547	0.21875	
_D:	2017-12-25 00:00:00	0.5	1.0	0.448449151276	0.997335409956	0.263565891473	0.897674418605	0.68085106383	0.472131147541	0.812500254313	0.656	0.375	
_D:	2017-12-25 00:30:00	0.566643477687	0.995538744077	0.448449151276	0.997335409956	0.218604651163	0.682170542636	0.68085106383	0.472131147541	0.812500254313	0.656	0.375	
_D:	2017-12-25 01:00:00	0.632097700936	0.982234587527	0.448449151276	0.997335409956	0.475968992248	0.747286821705	0.68085106383	0.472131147541	0.812500254313	0.656	0.375	
_D:	2017-12-25 01:30:00	0.695194637582	0.960324943338	0.448449151276	0.997335409956	0.351937984496	0.53023255814	0.68085106383	0.472131147541	0.812500254313	0.656	0.375	
_D:	2017-12-25 02:00:00	0.754808321296	0.93020078963	0.448449151276	0.997335409956	0.150387596899	0.641860465116	0.68085106383	0.472131147541	0.812500254313	0.656	0.375	
_D:	2017-12-25 02:30:00	0.80987494448	0.892399692639	0.448449151276	0.997335409956	0.142635658915	0.621705426357	0.68085106383	0.472131147541	0.812500254313	0.656	0.375	
_D:	2017-12-25 03:00:00	0.859411841939	0.847596213837	0.448449151276	0.997335409956	0.113178294574	0.483720930233	0.68085106383	0.472131147541	0.812500254313	0.656	0.375	
_D:	2017-12-25 03:30:00	0.902535026564	0.796589872365	0.448449151276	0.997335409956	0.13488372093	0.367441860465	0.68085106383	0.472131147541	0.812500254313	0.656	0.375	
_D:	2017-12-25 04:00:00	0.938474964103	0.740290877593	0.448449151276	0.997335409956	0.128682170543	0.268217054264	0.68085106383	0.472131147541	0.812500254313	0.656	0.375	
_D:	2017-12-25 04:30:00	0.966590305521	0.679703886419	0.448449151276	0.997335409956	0.0961240310078	0.148837209302	0.68085106383	0.472131147541	0.812500254313	0.656	0.375	
_D:	2017-12-25 05:00:00	0.986379331883	0.615910075134	0.448449151276	0.997335409956	0.0697674418605	0.0604651162791	0.68085106383	0.472131147541	0.812500254313	0.656	0.375	
_D:	2017-12-25 05:30:00	0.997488907544	0.550047845812	0.448449151276	0.997335409956	0.062015503876	0.0341085271318	0.68085106383	0.472131147541	0.812500254313	0.656	0.375	
_D:	2017-12-25 06:00:00	0.999720781865	0.483292511496	0.448449151276	0.997335409956	0.0217054263566	0.0170542635659	0.640425531915	0.632786885246	0.762500254313	0.398	0.29375	
_D:	2017-12-25 06:30:00	0.993035126995	0.416835322708	0.448449151276	0.997335409956	0.0015503875969	0.0015503875969	0.640425531915	0.632786885246	0.762500254313	0.398	0.29375	
_D:	2017-12-25 07:00:00	0.977551248603	0.351862209557	0.448449151276	0.997335409956	0.0031007751938	0.0015503875969	0.640425531915	0.632786885246	0.762500254313	0.398	0.29375	
_D:	2017-12-25 07:30:00	0.953545456867	0.289532618786	0.448449151276	0.997335409956	0.0031007751938	0.0031007751938	0.640425531915	0.632786885246	0.762500254313	0.398	0.29375	
_D:	2017-12-25 08:00:00	0.921446135708	0.230958823418	0.448449151276	0.997335409956	0.0031007751938	0.0031007751938	0.640425531915	0.632786885246	0.762500254313	0.398	0.29375	
_D:	2017-12-25 08:30:00	0.881826098274	0.177186074221	0.448449151276	0.997335409956	0.0031007751938	0.0031007751938	0.640425531915	0.632786885246	0.762500254313	0.398	0.29375	
_D:	2017-12-25 09:00:00	0.83539236507	0.129173947176	0.448449151276	0.997335409956	0.0031007751938	0.0031007751938	0.640425531915	0.632786885246	0.762500254313	0.398	0.29375	
_D:	2017-12-25 09:30:00	0.782973547165	0.0877792198291	0.448449151276	0.997335409956	0.0031007751938	0.0031007751938	0.640425531915	0.632786885246	0.762500254313	0.398	0.29375	
_D:	2017-12-25 10:00:00	0.725505059608	0.0537405820701	0.448449151276	0.997335409956	0.0031007751938	0.0031007751938	0.640425531915	0.632786885246	0.762500254313	0.398	0.29375	
_D:	2017-12-25 10:30:00	0.66401242892	0.027665454196	0.448449151276	0.997335409956	0.0031007751938	0.0031007751938	0.640425531915	0.632786885246	0.762500254313	0.398	0.29375	
_D:	2017-12-25 11:00:00	0.599592992552	0.0100191474817	0.448449151276	0.997335409956	0.0031007751938	0.0031007751938	0.640425531915	0.632786885246	0.762500254313	0.398	0.29375	
_D:	2017-12-25 11:30:00	0.533396316873	0.00111656068842	0.448449151276	0.997335409956	0.0031007751938	0.0031007751938	0.640425531915	0.632786885246	0.762500254313	0.398	0.29375	
_D:	2017-12-25 12:00:00	0.466603683127	0.00111656068842	0.448449151276	0.997335409956	0.0031007751938	0.0031007751938	0.646808510638	0.786885245902	0.708333587646	0.5	0.19375	
_D:	2017-12-25 12:30:00	0.400407007448	0.0100191474817	0.448449151276	0.997335409956	0.0031007751938	0.0031007751938	0.646808510638	0.786885245902	0.708333587646	0.5	0.19375	
_D:	2017-12-25 13:00:00	0.33598757108	0.027665454196	0.448449151276	0.997335409956	0.0031007751938	0.0031007751938	0.646808510638	0.786885245902	0.708333587646	0.5	0.19375	
_D:	2017-12-25 13:30:00	0.274494940392	0.0537405820701	0.448449151276	0.997335409956	0.0031007751938	0.0031007751938	0.646808510638	0.786885245902	0.708333587646	0.5	0.19375	
_D:	2017-12-25 14:00:00	0.217026452835	0.0877792198291	0.448449151276	0.997335409956	0.0031007751938	0.0031007751938	0.646808510638	0.786885245902	0.708333587646	0.5	0.19375	
_D:	2017-12-25 14:30:00	0.16460763493	0.129173947176	0.448449151276	0.997335409956	0.0031007751938	0.0031007751938	0.646808510638	0.786885245902	0.708333587646	0.5	0.19375	
_D:	2017-12-25 15:00:00	0.118173901726	0.177186074221	0.448449151276	0.997335409956	0.0031007751938	0.0031007751938	0.646808510638	0.786885245902	0.708333587646	0.5	0.19375	
_D:	2017-12-25 15:30:00	0.0785538642916	0.230958823418	0.448449151276	0.997335409956	0.0031007751938	0.0031007751938	0.646808510638	0.786885245902	0.708333587646	0.5	0.19375	
_D:	2017-12-25 16:00:00	0.0464545431328	0.289532618786	0.448449151276	0.997335409956	0.0031007751938	0.0031007751938	0.646808510638	0.786885245902	0.708333587646	0.5	0.19375	
_D:	2017-12-25 16:30:00	0.0224487513965	0.351862209557	0.448449151276	0.997335409956	0.0031007751938	0.0031007751938	0.646808510638	0.786885245902	0.708333587646	0.5	0.19375	
_D:	2017-12-25 17:00:00	0.00696487300499	0.416835322708	0.448449151276	0.997335409956	0.0031007751938	0.0015503875969	0.646808510638	0.786885245902	0.708333587646	0.5	0.19375	
_D:	2017-12-25 17:30:00	0.000279218134873	0.483292511496	0.448449151276	0.997335409956	0.0031007751938	0.0372093023256	0.646808510638	0.786885245902	0.708333587646	0.5	0.19375	
_D:	2017-12-25 18:00:00	0.00251109245575	0.550047845812	0.448449151276	0.997335409956	0.0806201550388	0.122480620155	0.631914893617	0.796721311475	0.70416692098	0.938	0.21875	
_D:	2017-12-25 18:30:00	0.0136206681175	0.615910075134	0.448449151276	0.997335409956	0.499224806202	0.474418604651	0.631914893617	0.796721311475	0.70416692098	0.938	0.21875	
_D:	2017-12-25 19:00:00	0.0334096944792	0.679703886419	0.448449151276	0.997335409956	0.593798449612	0.451162790698	0.631914893617	0.796721311475	0.70416692098	0.938	0.21875	
_D:	2017-12-25 19:30:00	0.0615250358967	0.740290877593	0.448449151276	0.997335409956	0.33488372093	0.237209302326	0.631914893617	0.796721311475	0.70416692098	0.938	0.21875	
_D:	2017-12-25 20:00:00	0.0974649734362	0.796589872365	0.448449151276	0.997335409956	0.353488372093	0.297674418605	0.631914893617	0.796721311475	0.70416692098	0.938	0.21875	
_D:	2017-12-25 20:30:00	0.140588158061	0.847596213837	0.448449151276	0.997335409956	0.607751937984	0.401550387597	0.631914893617	0.796721311475	0.70416692098	0.938	0.21875	
_D:	2017-12-25 21:00:00	0.19012505552	0.892399692639	0.448449151276	0.997335409956	0.35503875969	0.702325581395	0.631914893617	0.796721311475	0.70416692098	0.938	0.21875	
_D:	2017-12-25 21:30:00	0.245191678704	0.93020078963	0.448449151276	0.997335409956	0.720930232558	0.902325581395	0.631914893617	0.796721311475	0.70416692098	0.938	0.21875	
_D:	2017-12-25 22:00:00	0.304805362418	0.960324943338	0.448449151276	0.997335409956	0.632558139535	0.807751937984	0.631914893617	0.796721311475	0.70416692098	0.938	0.21875	
_D:	2017-12-25 22:30:00	0.367902299064	0.982234587527	0.448449151276	0.997335409956	0.720930232558	0.858914728682	0.631914893617	0.796721311475	0.70416692098	0.938	0.21875	
_D:	2017-12-25 23:00:00	0.433356522313	0.995538744077	0.448449151276	0.997335409956	0.848062015504	0.885271317829	0.631914893617	0.796721311475	0.70416692098	0.938	0.21875	
_D:	2017-12-25 23:30:00	0.5	1.0	0.448449151276	0.997335409956	0.6	0.885271317829	0.631914893617	0.796721311475	0.70416692098	0.938	0.21875	
_D:	2017-12-26 00:00:00	0.5	1.0	0.457017600631	0.998149087467	0.655813953488	0.858914728682	0.63829787234	0.327868852459	0.820833587646	1.0	0.23125	
_D:	2017-12-26 00:30:00	0.566643477687	0.995538744077	0.457017600631	0.998149087467	0.727131782946	0.82015503876	0.63829787234	0.327868852459	0.820833587646	1.0	0.23125	
_D:	2017-12-26 01:00:00	0.632097700936	0.982234587527	0.457017600631	0.998149087467	0.699224806202	0.703875968992	0.63829787234	0.327868852459	0.820833587646	1.0	0.23125	
_D:	2017-12-26 01:30:00	0.695194637582	0.960324943338	0.457017600631	0.998149087467	0.646511627907	0.700775193798	0.63829787234	0.327868852459	0.820833587646	1.0	0.23125	
_D:	2017-12-26 02:00:00	0.754808321296	0.93020078963	0.457017600631	0.998149087467	0.477519379845	0.584496124031	0.63829787234	0.327868852459	0.820833587646	1.0	0.23125	
_D:	2017-12-26 02:30:00	0.80987494448	0.892399692639	0.457017600631	0.998149087467	0.448062015504	0.479069767442	0.63829787234	0.327868852459	0.820833587646	1.0	0.23125	
_D:	2017-12-26 03:00:00	0.859411841939	0.847596213837	0.457017600631	0.998149087467	0.412403100775	0.410852713178	0.63829787234	0.327868852459	0.820833587646	1.0	0.23125	
_D:	2017-12-26 03:30:00	0.902535026564	0.796589872365	0.457017600631	0.998149087467	0.350387596899	0.272868217054	0.63829787234	0.327868852459	0.820833587646	1.0	0.23125	
_D:	2017-12-26 04:00:00	0.938474964103	0.740290877593	0.457017600631	0.998149087467	0.254263565891	0.217054263566	0.63829787234	0.327868852459	0.820833587646	1.0	0.23125	
_D:	2017-12-26 04:30:00	0.966590305521	0.679703886419	0.457017600631	0.998149087467	0.215503875969	0.105426356589	0.63829787234	0.327868852459	0.820833587646	1.0	0.23125	
_D:	2017-12-26 05:00:00	0.986379331883	0.615910075134	0.457017600631	0.998149087467	0.203100775194	0.0403100775194	0.63829787234	0.327868852459	0.820833587646	1.0	0.23125	
_D:	2017-12-26 05:30:00	0.997488907544	0.550047845812	0.457017600631	0.998149087467	0.102325581395	0.0217054263566	0.63829787234	0.327868852459	0.820833587646	1.0	0.23125	
_D:	2017-12-26 06:00:00	0.999720781865	0.483292511496	0.457017600631	0.998149087467	0.093023255814	0.0077519379845	0.606382978723	0.588524590164	0.775000254313	0.984	0.29375	
_D:	2017-12-26 06:30:00	0.993035126995	0.416835322708	0.457017600631	0.998149087467	0.0589147286822	0.0031007751938	0.606382978723	0.588524590164	0.775000254313	0.984	0.29375	
_D:	2017-12-26 07:00:00	0.977551248603	0.351862209557	0.457017600631	0.998149087467	0.0108527131783	0.0015503875969	0.606382978723	0.588524590164	0.775000254313	0.984	0.29375	
_D:	2017-12-26 07:30:00	0.953545456867	0.289532618786	0.457017600631	0.998149087467	0.0031007751938	0.0031007751938	0.606382978723	0.588524590164	0.775000254313	0.984	0.29375	
_D:	2017-12-26 08:00:00	0.921446135708	0.230958823418	0.457017600631	0.998149087467	0.0031007751938	0.0031007751938	0.606382978723	0.588524590164	0.775000254313	0.984	0.29375	
_D:	2017-12-26 08:30:00	0.881826098274	0.177186074221	0.457017600631	0.998149087467	0.0031007751938	0.0031007751938	0.606382978723	0.588524590164	0.775000254313	0.984	0.29375	
_D:	2017-12-26 09:00:00	0.83539236507	0.129173947176	0.457017600631	0.998149087467	0.0031007751938	0.0031007751938	0.606382978723	0.588524590164	0.775000254313	0.984	0.29375	
_D:	2017-12-26 09:30:00	0.782973547165	0.0877792198291	0.457017600631	0.998149087467	0.0031007751938	0.0031007751938	0.606382978723	0.588524590164	0.775000254313	0.984	0.29375	
_D:	2017-12-26 10:00:00	0.725505059608	0.0537405820701	0.457017600631	0.998149087467	0.0031007751938	0.0031007751938	0.606382978723	0.588524590164	0.775000254313	0.984	0.29375	
_D:	2017-12-26 10:30:00	0.66401242892	0.027665454196	0.457017600631	0.998149087467	0.0031007751938	0.0031007751938	0.606382978723	0.588524590164	0.775000254313	0.984	0.29375	
_D:	2017-12-26 11:00:00	0.599592992552	0.0100191474817	0.457017600631	0.998149087467	0.0031007751938	0.0031007751938	0.606382978723	0.588524590164	0.775000254313	0.984	0.29375	
_D:	2017-12-26 11:30:00	0.533396316873	0.00111656068842	0.457017600631	0.998149087467	0.0031007751938	0.0031007751938	0.606382978723	0.588524590164	0.775000254313	0.984	0.29375	
_D:	2017-12-26 12:00:00	0.466603683127	0.00111656068842	0.457017600631	0.998149087467	0.0031007751938	0.0031007751938	0.642553191489	0.447540983607	0.69166692098	1.0	0.325	
_D:	2017-12-26 12:30:00	0.400407007448	0.0100191474817	0.457017600631	0.998149087467	0.0031007751938	0.0031007751938	0.642553191489	0.447540983607	0.69166692098	1.0	0.325	
_D:	2017-12-26 13:00:00	0.33598757108	0.027665454196	0.457017600631	0.998149087467	0.0031007751938	0.0031007751938	0.642553191489	0.447540983607	0.69166692098	1.0	0.325	
_D:	2017-12-26 13:30:00	0.274494940392	0.0537405820701	0.457017600631	0.998149087467	0.0031007751938	0.0031007751938	0.642553191489	0.447540983607	0.69166692098	1.0	0.325	
_D:	2017-12-26 14:00:00	0.217026452835	0.0877792198291	0.457017600631	0.998149087467	0.0031007751938	0.0031007751938	0.642553191489	0.447540983607	0.69166692098	1.0	0.325	
_D:	2017-12-26 14:30:00	0.16460763493	0.129173947176	0.457017600631	0.998149087467	0.0031007751938	0.0031007751938	0.642553191489	0.447540983607	0.69166692098	1.0	0.325	
_D:	2017-12-26 15:00:00	0.118173901726	0.177186074221	0.457017600631	0.998149087467	0.0031007751938	0.0031007751938	0.642553191489	0.447540983607	0.69166692098	1.0	0.325	
_D:	2017-12-26 15:30:00	0.0785538642916	0.230958823418	0.457017600631	0.998149087467	0.0031007751938	0.0031007751938	0.642553191489	0.447540983607	0.69166692098	1.0	0.325	
_D:	2017-12-26 16:00:00	0.0464545431328	0.289532618786	0.457017600631	0.998149087467	0.0031007751938	0.0031007751938	0.642553191489	0.447540983607	0.69166692098	1.0	0.325	
_D:	2017-12-26 16:30:00	0.0224487513965	0.351862209557	0.457017600631	0.998149087467	0.0031007751938	0.0031007751938	0.642553191489	0.447540983607	0.69166692098	1.0	0.325	
_D:	2017-12-26 17:00:00	0.00696487300499	0.416835322708	0.457017600631	0.998149087467	0.0031007751938	0.0031007751938	0.642553191489	0.447540983607	0.69166692098	1.0	0.325	
_D:	2017-12-26 17:30:00	0.000279218134873	0.483292511496	0.457017600631	0.998149087467	0.0263565891473	0.0232558139535	0.642553191489	0.447540983607	0.69166692098	1.0	0.325	
_D:	2017-12-26 18:00:00	0.00251109245575	0.550047845812	0.457017600631	0.998149087467	0.0651162790698	0.125581395349	0.61914893617	0.485245901639	0.65416692098	0.422	0.3875	
_D:	2017-12-26 18:30:00	0.0136206681175	0.615910075134	0.457017600631	0.998149087467	0.317829457364	0.451162790698	0.61914893617	0.485245901639	0.65416692098	0.422	0.3875	
_D:	2017-12-26 19:00:00	0.0334096944792	0.679703886419	0.457017600631	0.998149087467	0.51007751938	0.390697674419	0.61914893617	0.485245901639	0.65416692098	0.422	0.3875	
_D:	2017-12-26 19:30:00	0.0615250358967	0.740290877593	0.457017600631	0.998149087467	0.617054263566	0.305426356589	0.61914893617	0.485245901639	0.65416692098	0.422	0.3875	
_D:	2017-12-26 20:00:00	0.0974649734362	0.796589872365	0.457017600631	0.998149087467	0.733333333333	0.195348837209	0.61914893617	0.485245901639	0.65416692098	0.422	0.3875	
_D:	2017-12-26 20:30:00	0.140588158061	0.847596213837	0.457017600631	0.998149087467	0.835658914729	0.657364341085	0.61914893617	0.485245901639	0.65416692098	0.422	0.3875	
_D:	2017-12-26 21:00:00	0.19012505552	0.892399692639	0.457017600631	0.998149087467	0.858914728682	0.758139534884	0.61914893617	0.485245901639	0.65416692098	0.422	0.3875	
_D:	2017-12-26 21:30:00	0.245191678704	0.93020078963	0.457017600631	0.998149087467	0.675968992248	0.917829457364	0.61914893617	0.485245901639	0.65416692098	0.422	0.3875	
_D:	2017-12-26 22:00:00	0.304805362418	0.960324943338	0.457017600631	0.998149087467	0.472868217054	0.880620155039	0.61914893617	0.485245901639	0.65416692098	0.422	0.3875	
_D:	2017-12-26 22:30:00	0.367902299064	0.982234587527	0.457017600631	0.998149087467	0.381395348837	0.927131782946	0.61914893617	0.485245901639	0.65416692098	0.422	0.3875	
_D:	2017-12-26 23:00:00	0.433356522313	0.995538744077	0.457017600631	0.998149087467	0.452713178295	0.931782945736	0.61914893617	0.485245901639	0.65416692098	0.422	0.3875	
_D:	2017-12-26 23:30:00	0.5	1.0	0.457017600631	0.998149087467	0.57519379845	0.541085271318	0.61914893617	0.485245901639	0.65416692098	0.422	0.3875	
_D:	2017-12-27 00:00:00	0.5	1.0	0.465598786599	0.998815152653	0.496124031008	0.596899224806	0.636170212766	0.159016393443	0.82916692098	0.461	0.425	
_D:	2017-12-27 00:30:00	0.566643477687	0.995538744077	0.465598786599	0.998815152653	0.517829457364	0.382945736434	0.636170212766	0.159016393443	0.82916692098	0.461	0.425	
_D:	2017-12-27 01:00:00	0.632097700936	0.982234587527	0.465598786599	0.998815152653	0.406201550388	0.53023255814	0.636170212766	0.159016393443	0.82916692098	0.461	0.425	
_D:	2017-12-27 01:30:00	0.695194637582	0.960324943338	0.465598786599	0.998815152653	0.485271317829	0.561240310078	0.636170212766	0.159016393443	0.82916692098	0.461	0.425	
_D:	2017-12-27 02:00:00	0.754808321296	0.93020078963	0.465598786599	0.998815152653	0.409302325581	0.472868217054	0.636170212766	0.159016393443	0.82916692098	0.461	0.425	
_D:	2017-12-27 02:30:00	0.80987494448	0.892399692639	0.465598786599	0.998815152653	0.491472868217	0.57984496124	0.636170212766	0.159016393443	0.82916692098	0.461	0.425	
_D:	2017-12-27 03:00:00	0.859411841939	0.847596213837	0.465598786599	0.998815152653	0.297674418605	0.251162790698	0.636170212766	0.159016393443	0.82916692098	0.461	0.425	
_D:	2017-12-27 03:30:00	0.902535026564	0.796589872365	0.465598786599	0.998815152653	0.345736434109	0.196899224806	0.636170212766	0.159016393443	0.82916692098	0.461	0.425	
_D:	2017-12-27 04:00:00	0.938474964103	0.740290877593	0.465598786599	0.998815152653	0.231007751938	0.148837209302	0.636170212766	0.159016393443	0.82916692098	0.461	0.425	
_D:	2017-12-27 04:30:00	0.966590305521	0.679703886419	0.465598786599	0.998815152653	0.114728682171	0.131782945736	0.636170212766	0.159016393443	0.82916692098	0.461	0.425	
_D:	2017-12-27 05:00:00	0.986379331883	0.615910075134	0.465598786599	0.998815152653	0.0511627906977	0.0945736434109	0.636170212766	0.159016393443	0.82916692098	0.461	0.425	
_D:	2017-12-27 05:30:00	0.997488907544	0.550047845812	0.465598786599	0.998815152653	0.0356589147287	0.0480620155039	0.636170212766	0.159016393443	0.82916692098	0.461	0.425	
_D:	2017-12-27 06:00:00	0.999720781865	0.483292511496	0.465598786599	0.998815152653	0.0325581395349	0.015503875969	0.657446808511	0.23606557377	0.79166692098	0.227	0.30625	
_D:	2017-12-27 06:30:00	0.993035126995	0.416835322708	0.465598786599	0.998815152653	0.0403100775194	0.0031007751938	0.657446808511	0.23606557377	0.79166692098	0.227	0.30625	
_D:	2017-12-27 07:00:00	0.977551248603	0.351862209557	0.465598786599	0.998815152653	0.0139534883721	0.0015503875969	0.657446808511	0.23606557377	0.79166692098	0.227	0.30625	
_D:	2017-12-27 07:30:00	0.953545456867	0.289532618786	0.465598786599	0.998815152653	0.0031007751938	0.0031007751938	0.657446808511	0.23606557377	0.79166692098	0.227	0.30625	
_D:	2017-12-27 08:00:00	0.921446135708	0.230958823418	0.465598786599	0.998815152653	0.0031007751938	0.0031007751938	0.657446808511	0.23606557377	0.79166692098	0.227	0.30625	
_D:	2017-12-27 08:30:00	0.881826098274	0.177186074221	0.465598786599	0.998815152653	0.0031007751938	0.0031007751938	0.657446808511	0.23606557377	0.79166692098	0.227	0.30625	
_D:	2017-12-27 09:00:00	0.83539236507	0.129173947176	0.465598786599	0.998815152653	0.0031007751938	0.0031007751938	0.657446808511	0.23606557377	0.79166692098	0.227	0.30625	
_D:	2017-12-27 09:30:00	0.782973547165	0.0877792198291	0.465598786599	0.998815152653	0.0031007751938	0.0031007751938	0.657446808511	0.23606557377	0.79166692098	0.227	0.30625	
_D:	2017-12-27 10:00:00	0.725505059608	0.0537405820701	0.465598786599	0.998815152653	0.0031007751938	0.0031007751938	0.657446808511	0.23606557377	0.79166692098	0.227	0.30625	
_D:	2017-12-27 10:30:00	0.66401242892	0.027665454196	0.465598786599	0.998815152653	0.0031007751938	0.0031007751938	0.657446808511	0.23606557377	0.79166692098	0.227	0.30625	
_D:	2017-12-27 11:00:00	0.599592992552	0.0100191474817	0.465598786599	0.998815152653	0.0031007751938	0.0031007751938	0.657446808511	0.23606557377	0.79166692098	0.227	0.30625	
_D:	2017-12-27 11:30:00	0.533396316873	0.00111656068842	0.465598786599	0.998815152653	0.0031007751938	0.0031007751938	0.657446808511	0.23606557377	0.79166692098	0.227	0.30625	
_D:	2017-12-27 12:00:00	0.466603683127	0.00111656068842	0.465598786599	0.998815152653	0.0031007751938	0.0031007751938	0.731914893617	0.273770491803	0.608333587646	0.0	0.34375	
_D:	2017-12-27 12:30:00	0.400407007448	0.0100191474817	0.465598786599	0.998815152653	0.0031007751938	0.0031007751938	0.731914893617	0.273770491803	0.608333587646	0.0	0.34375	
_D:	2017-12-27 13:00:00	0.33598757108	0.027665454196	0.465598786599	0.998815152653	0.0031007751938	0.0031007751938	0.731914893617	0.273770491803	0.608333587646	0.0	0.34375	
_D:	2017-12-27 13:30:00	0.274494940392	0.0537405820701	0.465598786599	0.998815152653	0.0031007751938	0.0031007751938	0.731914893617	0.273770491803	0.608333587646	0.0	0.34375	
_D:	2017-12-27 14:00:00	0.217026452835	0.0877792198291	0.465598786599	0.998815152653	0.0031007751938	0.0031007751938	0.731914893617	0.273770491803	0.608333587646	0.0	0.34375	
_D:	2017-12-27 14:30:00	0.16460763493	0.129173947176	0.465598786599	0.998815152653	0.0031007751938	0.0031007751938	0.731914893617	0.273770491803	0.608333587646	0.0	0.34375	
_D:	2017-12-27 15:00:00	0.118173901726	0.177186074221	0.465598786599	0.998815152653	0.0031007751938	0.0031007751938	0.731914893617	0.273770491803	0.608333587646	0.0	0.34375	
_D:	2017-12-27 15:30:00	0.0785538642916	0.230958823418	0.465598786599	0.998815152653	0.0031007751938	0.0031007751938	0.731914893617	0.273770491803	0.608333587646	0.0	0.34375	
_D:	2017-12-27 16:00:00	0.0464545431328	0.289532618786	0.465598786599	0.998815152653	0.0031007751938	0.0031007751938	0.731914893617	0.273770491803	0.608333587646	0.0	0.34375	
_D:	2017-12-27 16:30:00	0.0224487513965	0.351862209557	0.465598786599	0.998815152653	0.0031007751938	0.0031007751938	0.731914893617	0.273770491803	0.608333587646	0.0	0.34375	
_D:	2017-12-27 17:00:00	0.00696487300499	0.416835322708	0.465598786599	0.998815152653	0.0015503875969	0.0015503875969	0.731914893617	0.273770491803	0.608333587646	0.0	0.34375	
_D:	2017-12-27 17:30:00	0.000279218134873	0.483292511496	0.465598786599	0.998815152653	0.0046511627907	0.0108527131783	0.731914893617	0.273770491803	0.608333587646	0.0	0.34375	
_D:	2017-12-27 18:00:00	0.00251109245575	0.550047845812	0.465598786599	0.998815152653	0.0790697674419	0.131782945736	0.734042553191	0.372131147541	0.550000254313	0.0	0.29375	
_D:	2017-12-27 18:30:00	0.0136206681175	0.615910075134	0.465598786599	0.998815152653	0.500775193798	0.406201550388	0.734042553191	0.372131147541	0.550000254313	0.0	0.29375	
_D:	2017-12-27 19:00:00	0.0334096944792	0.679703886419	0.465598786599	0.998815152653	0.607751937984	0.451162790698	0.734042553191	0.372131147541	0.550000254313	0.0	0.29375	
_D:	2017-12-27 19:30:00	0.0615250358967	0.740290877593	0.465598786599	0.998815152653	0.759689922481	0.617054263566	0.734042553191	0.372131147541	0.550000254313	0.0	0.29375	
_D:	2017-12-27 20:00:00	0.0974649734362	0.796589872365	0.465598786599	0.998815152653	0.717829457364	0.570542635659	0.734042553191	0.372131147541	0.550000254313	0.0	0.29375	
_D:	2017-12-27 20:30:00	0.140588158061	0.847596213837	0.465598786599	0.998815152653	0.426356589147	0.486821705426	0.734042553191	0.372131147541	0.550000254313	0.0	0.29375	
_D:	2017-12-27 21:00:00	0.19012505552	0.892399692639	0.465598786599	0.998815152653	0.871317829457	0.902325581395	0.734042553191	0.372131147541	0.550000254313	0.0	0.29375	
_D:	2017-12-27 21:30:00	0.245191678704	0.93020078963	0.465598786599	0.998815152653	0.832558139535	0.911627906977	0.734042553191	0.372131147541	0.550000254313	0.0	0.29375	
_D:	2017-12-27 22:00:00	0.304805362418	0.960324943338	0.465598786599	0.998815152653	0.95503875969	0.75503875969	0.734042553191	0.372131147541	0.550000254313	0.0	0.29375	
_D:	2017-12-27 22:30:00	0.367902299064	0.982234587527	0.465598786599	0.998815152653	0.924031007752	0.874418604651	0.734042553191	0.372131147541	0.550000254313	0.0	0.29375	
_D:	2017-12-27 23:00:00	0.433356522313	0.995538744077	0.465598786599	0.998815152653	0.925581395349	0.880620155039	0.734042553191	0.372131147541	0.550000254313	0.0	0.29375	
_D:	2017-12-27 23:30:00	0.5	1.0	0.465598786599	0.998815152653	0.903875968992	0.86511627907	0.734042553191	0.372131147541	0.550000254313	0.0	0.29375	
_D:	2017-12-28 00:00:00	0.5	1.0	0.474190166388	0.999333408144	0.753488372093	0.818604651163	0.71914893617	0.114754098361	0.820833587646	0.008	0.375	